128,1,Light It Up
00
0
0
0
00
0
0
0
00
0
0
0
00
0
0
0
00
0
0
0
00
0
0
0
00
0
0
0
000
0
0
0
00
0
0
0
00
0
0
0
00
0
0
0
00
0
0
0
00
0
0
0
01,0,0,0,0,500,500,100,2,2
0
0
0
00
0
0
0
005,0,3,150/5,0,3,-150
0
0
0
00
0
0
0
00
0
0
0
00
0
0
0
05,0,0,120
0
0
0
00
0
5,0,0,130
0
00
0
0
0
05,0,0,80
0
0
0
005,0,3,150/5,0,3,-150
0
0
0
00
0
0
0
05,0,0,100
0
0
0
00
0
0
0
05,0,3,80/5,0,4,-150
0
0
0
00
0
5,0,0,100
0
00
0
0
0
05,0,0,0
0
0
0
005,0,3,150/5,0,3,-150
0
0
0
00
0
0
0
05,0,0,0
0
0
0
00
0
0
0
05,0,0,80/5,0,0,-80
5,0,1,92/5,0,1,-92
5,0,1,104/5,0,1,-104
5,0,1,116/5,0,1,-116
05,0,1,128/5,0,1,-128
5,0,1,140/5,0,1,-140
5,0,1,152/5,0,1,-152
5,0,1,140/5,0,1,-140
05,0,1,128/5,0,1,-128
5,0,1,116/5,0,1,-116
5,0,1,104/5,0,1,-104
5,0,1,92/5,0,1,-92
05,0,1,80/5,0,1,-80
5,0,1,100/5,0,1,-100
5,0,1,120/5,0,1,-120
5,0,1,135/5,0,1,-135
005,0,3,150/5,0,3,-150
0
0
0
00
0
0
0
05,0,0,100/5,0,0,-100
0
0
0
00
5,0,0,-100
0
0
05,0,4,150/5,0,3,-150
0
0
0
00
0
5,0,0,-100
0
00
0
0
0
05,0,0,0
0
0
0
005,0,3,150/5,0,3,-150/4,0,600,600,4,3
0
0
0
00
0
0
0
00
0
0
0
00
0
0
0
05,0,0,60
0
0
0
00
0
5,0,0,150/5,0,2,-150,6
0
00
0
0
0
05,0,0,100
0
0
0
005,0,3,150/5,0,3,-150
0
0
0
00
0
0
0
05,0,2,100,6/5,0,2,-100,6
0
0
0
00
0
0
0
05,0,3,150/5,0,4,-150
0
0
0
00
0
5,0,0,0
0
00
0
0
0
05,0,0,60
0
0
0
005,0,3,150/5,0,3,-150
0
0
0
00
0
0
0
00
0
0
0
00
0
0
0
05,0,2,70,4/5,0,2,-70,4
0
0
0
00
0
0
0
05,0,2,120,4/5,0,2,-120,4
0
0
0
00
0
0
0
005,0,4,150/5,0,4,-150
0
0
0
00
0
0
0
05,0,3,100/5,0,3,-100
0
0
0
00
0
0
0
05,0,2,120,4/5,0,2,-120,4/4,0,400,500,1,3
0
0
0
00
0
0
0
05,0,0,-50
0
0
0
05,0,0,0
0
0
0
005,0,0,120/5,0,0,-120
0
0
0
01,1,-300,0,0,100,500,80,1,2/1,2,300,0,0,100,500,80,1,2
0
0
0
05,1,3,0/2,1,-300,50,0.5,2
0
0
0
00
0
0
0
05,0,0,120/5,0,0,-120
0
0
0
00
0
0
0
05,2,3,0/2,2,300,50,0.5,2
0
0
0
00
0
0
0
005,0,0,120/5,0,0,-120
0
0
0
00
0
0
0
05,1,4,0/2,1,-300,0,0.5,2
0
0
0
00
0
0
0
05,0,0,120/5,0,0,-120
0
0
0
00
0
0
0
05,2,4,0/2,2,300,0,0.5,2
0
0
0
05,0,2,0,6
0
0
0
000
0
0
0
00
0
0
0
05,1,3,0/2,1,-300,50,0.5,2
0
0
0
00
0
0
0
05,0,0,120/5,0,0,-120
0
0
0
00
0
0
0
05,2,3,0/2,2,300,50,0.5,2
0
0
0
00
0
0
0
005,0,0,120/5,0,0,-120
0
0
0
00
0
0
0
05,1,4,0/2,1,-300,0,0.5,2
0
0
0
00
0
0
0
05,0,0,120/5,0,0,-120
0
0
0
00
0
0
0
05,2,4,0/2,2,300,0,0.5,2
0
0
0
05,0,2,0,6
0
0
0
000
0
0
0
00
0
0
0
05,1,3,0/2,1,-300,50,0.5,2
0
0
0
00
0
0
0
05,0,0,120/5,0,0,-120
0
0
0
00
0
0
0
05,2,3,0/2,2,300,50,0.5,2
0
0
0
00
0
0
0
005,0,0,120/5,0,0,-120
0
0
0
00
0
0
0
05,1,4,0/2,1,-300,0,0.5,2
0
0
0
00
0
0
0
05,0,0,120/5,0,0,-120
5,0,1,-90
5,0,1,-60
5,0,1,-30
05,0,1,0
5,0,1,30
5,0,1,60
0
05,2,4,0/2,2,300,0,0.5,2
0
0
0
05,0,2,120,3/5,0,2,-120,3
0
0
0
004,1,0,0,1.5,1/4,2,0,0,1.5,1
0
0
0
05,0,0,-50
0
0
0
05,0,2,0,2
0
0
0
00
0
0
0
05,0,0,120/5,0,0,-120/4,0,800,500,2,3
0
0
0
05,0,0,120
0
0
0
05,0,3,-120
0
0
0
05,0,4,120
0
0
0
005,0,0,120/5,0,0,-120
0
0
0
00
0
5,0,3,-120
0
05,0,4,120
0
0
0
05,0,3,120/5,0,4,-120
0
0
0
05,0,0,120/5,0,0,-120
0
0
0
00
0
5,0,2,-120,7
0
05,0,2,120,5
0
0
0
00
0
0
0
005,0,0,0/5,0,3,-300
0
0
0
00
0
0
0
05,0,3,300
0
0
0
05,0,0,100/5,0,0,-100
0
0
0
05,0,0,0/5,0,3,-300
0
0
0
00
0
0
0
05,0,0,0/5,0,3,300
0
0
0
00
0
0
0
005,0,3,-300
0
0
0
05,0,0,0
0
0
0
05,0,0,0/5,0,3,300
0
0
0
05,0,0,0
0
0
0
05,0,0,0/5,0,3,-300
0
0
0
00
0
5,0,0,0
0
05,0,3,300
0
0
0
05,0,0,0/5,0,3,300
0
5,0,4,300
0
005,0,0,0/5,0,3,300
0
0
0
00
0
0
0
05,0,3,-300
0
0
0
05,0,0,100/5,0,0,-100
0
0
0
05,0,0,0/5,0,3,300
0
0
0
00
0
0
0
05,0,0,0/5,0,3,-300
0
0
0
00
0
0
0
005,0,3,300
0
0
0
05,0,0,0
0
0
0
05,0,0,0/5,0,3,-300
0
0
0
05,0,0,0/5,0,4,-300
0
0
0
05,0,0,0/5,0,3,300
0
0
0
05,0,4,300
0
5,0,0,0
0
05,0,3,-300
0
0
0
05,0,0,0/5,0,3,-300
0
5,0,4,-300
0
005,0,3,-200/5,0,0,200/4,0,600,500,2,3
0
0
0
05,0,0,0
0
0
0
05,0,0,-200/5,0,3,200
0
0
0
05,0,0,0
0
0
0
05,0,3,-200/5,0,0,200
0
0
0
05,0,4,0
0
0
0
05,0,3,0/5,0,4,200
0
0
0
05,0,4,-200/5,0,3,0
0
0
0
005,0,0,-200/5,0,0,200
0
0
0
05,0,3,-200/5,0,3,200
0
0
0
05,0,4,-200/5,0,4,200
0
0
0
05,0,0,-200/5,0,0,200
0
0
0
05,0,0,-200/5,0,0,200
0
0
0
05,0,3,200
0
0
0
05,0,0,-200/5,0,0,200
0
0
0
05,0,3,-200
0
0
0
005,0,0,200
0
5,0,0,-200
0
05,0,0,100
0
5,0,0,-100
0
05,0,0,150
0
5,0,0,-150
0
05,0,0,80
0
5,0,0,-80
0
05,0,1,200
5,0,1,-200
5,0,1,80
5,0,1,-80
05,0,1,150
5,0,1,-150
5,0,1,60
5,0,1,-60
05,0,1,180
5,0,1,-180
5,0,1,20
5,0,1,-20
05,0,1,230
5,0,1,-230
5,0,1,30
5,0,1,-30
004,0,0,0,0.5,2
0
0
0
00
0
0
0
00
0
0
0
00
0
0
0
00
0
0
0
00
0
0
0
01,4,0,0,0,150,150,100,0.5,2/5,4,0,0/4,4,0,0,0.5,1
0
0
0
00
0
0
0
001,5,400,-160,90,200,400,100,0.5,2/1,6,-400,160,270,200,400,100,0.5,2/5,5,3,0/5,6,3,0/2,5,0,-160,0.5,2/2,6,0,160,0.5,2
0
0
0
00
0
0
0
05,5,4,0/5,6,4,0/2,5,400,-160,0.5,2/2,6,-400,160,0.5,2/4,5,0,0,0.5,1/4,6,0,0,0.5,1
0
0
0
00
0
0
0
01,7,-400,-160,270,200,400,100,0.5,2/1,8,400,160,90,200,400,100,0.5,2/5,7,3,0/5,8,3,0/2,7,0,-160,0.5,2/2,8,0,160,0.5,2
0
0
0
00
0
0
0
05,7,4,0/5,8,4,0/2,7,-400,-160,0.5,2/2,8,400,160,0.5,2/4,7,0,0,0.5,1/4,8,0,0,0.5,1
0
0
0
05,7,0,0/5,8,0,0
0
0
0
001,9,0,0,90,200,400,100,0.5,2/1,10,0,0,270,200,400,100,0.5,2/5,9,4,0/5,10,4,0/2,9,400,0,0.5,2/2,10,-400,0,0.5,2
0
0
0
00
0
0
0
05,9,3,0/5,10,3,0/2,9,0,0,0.5,2/2,10,0,0,0.5,2
0
0
0
05,9,0,0/5,10,0,0
0
0
0
05,9,4,0/5,10,4,0/2,9,400,0,0.5,2/2,10,-400,0,0.5,2/4,9,0,0,0.3,1/4,10,0,0,0.3,1
0
0
0
00
0
0
0
01,11,0,0,0,300,300,80,0.5,2/5,11,0,-100
0
0
0
05,11,0,0
0
5,11,0,100/4,11,0,0,0.5,1
0
000
0
0
0
00
0
0
0
01,12,-400,0,270,200,400,100,0.5,2/5,12,3,0/2,12,0,0,0.5,2/4,12,0,0,0.5,1
0
0
0
00
0
0
0
01,13,400,0,90,200,400,100,0.5,2/5,13,3,0/2,13,0,0,0.5,2/4,13,0,0,0.5,1
0
0
0
00
0
0
0
01,14,0,0,0,400,400,100,1,2/5,14,3,140/5,14,3,-140
0
0
0
05,14,4,100/5,14,4,-100
0
0
0
005,14,3,140/5,14,3,-140
0
0
0
00
0
0
0
05,14,0,80
0
0
0
05,14,0,-80/4,14,0,0,1,1
0
0
0
00
0
0
0
00
0
0
0
01,15,400,0,90,600,300,80,1,2/5,15,1,-250
5,15,1,-187.5
5,15,1,-125
5,15,1,-62.5
05,15,1,0
5,15,1,62.5
5,15,1,125
5,15,1,187.5
005,15,1,250/4,15,0,0,0.5,1/1,16,-400,200,270,200,400,100,0.5,2/5,16,3,0/2,16,0,200,0.5,2/4,16,0,0,0.5,1
0
0
0
00
0
0
0
01,17,-400,-200,270,200,400,100,0.5,2/5,17,3,0/2,17,0,-200,0.5,2/4,17,0,0,0.5,1
0
0
0
00
0
0
0
01,18,400,200,90,200,400,100,0.5,2/5,18,3,0/2,18,0,200,0.5,2/4,18,0,0,0.5,1
0
0
0
00
0
0
0
01,19,400,-200,90,200,400,100,0.5,2/5,19,0,0
0
0
0
05,19,3,0/2,19,0,-200,0.5,2/4,19,0,0,0.5,1
0
0
0
001,20,-400,0,270,400,400,100,0.5,2/5,20,3,0/2,20,0,0,0.5,2/3,20,360,0.5,2/4,20,500,500,0.5,2
0
0
0
00
0
0
0
05,20,3,150
0
0
0
05,20,4,-150
0
0
0
05,20,3,-150
0
0
0
00
0
0
0
05,20,0,-150
0
0
0
05,20,0,0
0
5,20,0,150/4,20,0,0,0.5,1
0
000
0
0
0
00
0
0
0
01,21,0,0,0,400,400,100,0.5,2/1,22,0,0,180,400,400,100,0.5,2/5,21,3,100/5,21,3,-100/2,21,0,30,0.5,2/2,22,0,30,0.5,2
0
0
0
00
0
0
0
05,22,3,100/5,22,3,-100/2,21,0,0,0.5,2/2,22,0,0,0.5,2
0
0
0
00
0
0
0
05,21,0,100/5,21,0,-100
0
0
0
05,21,0,70/5,21,0,-70
0
0
0
004,21,0,0,1,1/4,22,0,0,1,1
0
0
0
00
0
0
0
00
0
0
0
00
0
0
0
00
0
0
0
00
0
0
0
00
0
0
0
00
0
0
0
001,23,500,0,0,200,600,100,1,2/1,24,-500,0,0,200,600,100,1,2/5,23,3,0
0
0
0
05,23,4,0
0
0
0
05,24,3,0
0
0
0
05,24,4,0
0
0
0
01,25,0,0,0,350,350,100,1,2/5,25,3,120/5,25,3,-120/2,25,0,30,0.5,2/4,25,0,0,0.5,1/4,23,0,0,0.5,1/4,24,0,0,0.5,1
0
0
0
00
0
0
0
01,26,-300,100,0,200,400,100,0.5,2/1,27,-300,100,180,200,400,100,0.5,2/1,28,300,100,0,200,400,100,0.5,2/1,29,300,100,180,200,400,100,0.5,2/5,27,0,0/5,29,0,0
0
0
0
05,27,3,0/5,29,3,0/2,26,-300,0,0.5,2/2,27,-300,0,0.5,2/2,28,300,0,0.5,2/2,29,300,0,0.5,2
0
0
0
005,26,0,0/5,28,0,0
0
0
0
05,26,4,0/5,28,4,0/2,26,-300,-100,0.5,2/2,27,-300,-100,0.5,2/2,28,300,-100,0.5,2/2,29,300,-100,0.5,2
0
0
0
05,27,0,0/5,29,0,0
0
0
0
05,27,4,0/5,29,4,0/2,26,-300,0,0.5,2/2,27,-300,0,0.5,2/2,28,300,0,0.5,2/2,29,300,0,0.5,2
0
0
0
05,26,0,0/5,28,0,0/4,26,0,0,0.5,1/4,27,0,0,0.5,1/4,28,0,0,0.5,1/4,29,0,0,0.5,1
0
0
0
00
0
0
0
01,30,0,0,0,300,300,80,0.5,2/5,30,0,-100
0
0
0
05,30,0,0
0
5,30,0,100/4,30,500,500,0.5,2
0
000
0
0
0
00
0
0
0
05,30,3,200/5,30,3,-200
0
0
0
05,30,4,100/5,30,4,-100
0
0
0
05,30,3,200/5,30,3,-200
0
0
0
00
0
0
0
05,30,0,150/5,30,0,-150
0
0
0
05,30,0,-100
0
5,30,1,120/5,30,1,-120
5,30,1,140/5,30,1,-140
005,30,1,150/5,30,1,-150
0
0
0
00
0
0
0
05,30,0,160/5,30,0,-160
0
0
0
05,30,0,80/5,30,0,-80/4,30,0,0,1,1
0
0
0
00
0
0
0
00
0
0
0
00
0
0
0
00
0
0
0
001,31,400,0,0,200,400,100,0.5,2/1,32,-400,0,0,200,400,100,0.5,2/5,31,4,0
0
0
0
05,32,4,0
0
0
0
05,31,4,0
0
0
0
05,32,4,0
0
0
0
05,31,4,0/5,32,4,0/2,31,400,-200,0.5,2/2,32,-400,-200,0.5,2/4,31,0,0,0.5,1/4,32,0,0,0.5,1
0
0
0
00
0
0
0
001,33,0,0,0,400,400,100,0.5,2/5,33,0,100/5,33,0,-100
0
0
0
05,33,0,0
0
0
0
005,33,0,100/5,33,0,-100
0
0
0
05,33,0,0
0
0
0
05,33,3,100/5,33,4,-100
0
0
0
05,33,0,0
0
0
0
05,33,4,100/5,33,3,-100
0
0
0
00
0
0
0
05,33,3,-100/4,33,300,300,1,3
0
0
0
05,33,3,0
0
5,33,3,100
0
000
0
0
0
00
0
0
0
05,33,0,0
0
0
0
00
0
0
0
05,33,0,0
0
0
0
00
0
0
0
05,33,0,0
0
0
0
05,33,3,100/5,33,3,-100/2,33,0,50,0.5,2/4,33,0,0,0.5,1
0
0
0
000
0
0
0
00
0
0
0
00
0
0
0
00
0
0
0
01,34,0,0,0,400,400,100,1,2/5,34,0,120/5,34,0,-120
0
0
0
05,34,0,120
0
5,34,3,-120
0
05,34,3,120
0
5,34,4,-120
0
05,34,4,120
0
0
0
005,34,0,120/5,34,0,-120/4,34,0,0,1,1
0
0
0
00
0
0
0
00
0
0
0
00
0
0
0
00
0
0
0
00
0
0
0
00
0
0
0
00
0
0
0
000
0
0
0
00
0
0
0
00
0
0
0
00
0
0
0
00
0
0
0
00
0
0
0
00
0
0
0
00
0
0
0
000
0
0
0
00
0
0
0
00
0
0
0
00
0
0
0
00
0
0
0
00
0
0
0
00
0
0
0
00
0
0
0
000
0
0
0
00
0
0
0
00
0
0
0
00
0
0
0
00
0
0
0
00
0
0
0
01,35,0,0,0,600,600,100,2,2
0
0
0
00
0
0
0
005,35,3,200/5,35,3,-200
0
0
0
00
0
0
0
00
0
0
0
00
0
0
0
05,35,0,150
0
0
0
05,35,0,-150
0
5,35,0,100
5,35,1,120
00
0
5,35,0,-180
0
05,35,0,50
0
0
0
005,35,0,-200
5,35,1,-150
5,35,1,-100
5,35,1,-50
05,35,1,0
5,35,1,50
5,35,1,100
0
05,35,0,200
5,35,1,150
5,35,1,100
5,35,1,50
05,35,1,0
5,35,1,-50
5,35,1,-100
0
05,35,0,-200
0
0
0
00
0
5,35,0,-80
0
00
0
0
0
05,35,0,-150/5,35,3,150
0
0
0
000
0
0
0
00
0
0
0
00
0
0
0
05,35,0,0
0
0
0
05,35,4,-200/5,35,0,200
5,35,1,160
5,35,1,120
5,35,1,80
05,35,1,40
5,35,1,0
5,35,4,0
0
00
0
0
0
05,35,3,-150/5,35,3,150
0
0
0
005,35,0,-150/5,35,0,150
0
0
0
00
0
0
0
05,35,0,-100/5,35,0,100
0
0
0
00
0
0
0
05,35,0,-80/5,35,0,80
5,35,1,-90/5,35,1,90
5,35,1,-100/5,35,1,100
5,35,1,-110/5,35,1,110
05,35,1,-120/5,35,1,120
5,35,1,-130/5,35,1,130
5,35,3,-130/5,35,3,130
0
00
0
0
0
00
5,35,0,-100/5,35,0,100
0
0
005,35,3,-200/5,35,3,200
0
0
0
00
0
0
0
00
0
0
0
00
0
0
0
05,35,4,-150/5,35,3,0
0
0
0
00
0
5,35,4,150/5,35,3,0
0
00
0
0
0
05,35,0,-100/5,35,0,100
0
0
0
005,35,3,-200/5,35,3,200
0
0
0
00
0
0
0
05,35,2,0,5
0
0
0
00
0
0
0
05,35,0,-100/5,35,3,200
0
0
0
00
0
5,35,0,200
0
00
0
0
0
05,35,0,150/5,35,0,-150
0
0
0
000
0
0
0
00
0
0
0
00
0
0
0
00
0
0
0
00
0
0
0
00
0
0
0
05,35,2,0,5
0
0
0
00
0
0
0
005,35,0,150/5,35,0,-150
0
0
0
00
0
0
0
05,35,0,120/5,35,0,-120
0
0
0
00
0
0
0
05,35,0,90/5,35,0,-90/4,35,400,500,1,3
0
0
0
00
0
0
0
05,35,0,60/5,35,0,-60
0
0
0
00
0
0
0
005,35,0,0
0
0
0
01,36,-300,0,0,100,500,80,1,2/1,37,300,0,0,100,500,80,1,2
0
0
0
05,36,3,0/2,36,-300,50,0.5,2
0
0
0
00
0
0
0
05,35,0,120/5,35,0,-120
0
0
0
00
0
0
0
05,37,3,0/2,37,300,50,0.5,2
0
0
0
00
0
0
0
005,35,0,120/5,35,0,-120
0
0
0
00
0
0
0
05,36,4,0/2,36,-300,0,0.5,2
0
0
0
00
0
0
0
05,35,0,120/5,35,0,-120
0
0
0
00
0
0
0
05,37,4,0/2,37,300,0,0.5,2
0
0
0
05,35,2,0,6
0
0
0
000
0
0
0
00
0
0
0
05,36,3,0/2,36,-300,50,0.5,2
0
0
0
00
0
0
0
05,35,0,120/5,35,0,-120
0
0
0
00
0
0
0
05,37,3,0/2,37,300,50,0.5,2
0
0
0
00
0
0
0
005,35,0,120/5,35,0,-120
0
0
0
00
0
0
0
05,36,4,0/2,36,-300,0,0.5,2
0
0
0
00
0
0
0
05,35,0,120/5,35,0,-120
0
0
0
00
0
0
0
05,37,4,0/2,37,300,0,0.5,2
0
0
0
05,35,2,0,6
0
0
0
000
0
0
0
00
0
0
0
05,36,3,0/2,36,-300,50,0.5,2
0
0
0
00
0
0
0
05,35,0,120/5,35,0,-120
0
0
0
00
0
0
0
05,37,3,0/2,37,300,50,0.5,2
0
0
0
00
0
0
0
005,35,0,120/5,35,0,-120
0
0
0
00
0
0
0
05,36,4,0/2,36,-300,0,0.5,2
0
0
0
00
0
0
0
05,35,0,120/5,35,0,-120
5,35,1,-90
5,35,1,-60
5,35,1,-30
05,35,1,0
5,35,1,30
5,35,1,60
0
05,37,4,0/2,37,300,0,0.5,2
0
0
0
05,35,2,120,3/5,35,2,-120,3
0
0
0
004,36,0,0,1.5,1/4,37,0,0,1.5,1
0
0
0
05,35,0,-50
0
0
0
05,35,2,0,2
0
0
0
00
0
0
0
05,35,0,120/5,35,0,-120/4,35,800,500,2,3
0
0
0
05,35,0,120
0
0
0
05,35,3,-120
0
0
0
05,35,4,120
0
0
0
005,35,0,120/5,35,0,-120
0
0
0
00
0
5,35,3,-120
0
05,35,4,120
0
0
0
05,35,3,120/5,35,4,-120
0
0
0
05,35,0,120/5,35,0,-120
0
0
0
00
0
5,35,2,-120,7
0
05,35,2,120,5
0
0
0
00
0
0
0
005,35,0,0/5,35,3,-300
0
0
0
00
0
0
0
05,35,3,300
0
0
0
05,35,0,100/5,35,0,-100
0
0
0
05,35,0,0/5,35,3,-300
0
0
0
00
0
0
0
05,35,0,0/5,35,3,300
0
0
0
00
0
0
0
005,35,3,-300
0
0
0
05,35,0,0
0
0
0
05,35,0,0/5,35,3,300
0
0
0
05,35,0,0
0
0
0
05,35,0,0/5,35,3,-300
0
0
0
00
0
5,35,0,0
0
05,035,3,300
0
0
0
05,35,0,0/5,35,3,300
0
5,35,4,300
0
005,35,0,0/5,35,3,300
0
0
0
00
0
0
0
05,35,3,-300
0
0
0
05,35,0,100/5,35,0,-100
0
0
0
05,35,0,0/5,35,3,300
0
0
0
00
0
0
0
05,35,0,0/5,35,3,-300
0
0
0
00
0
0
0
005,35,3,300
0
0
0
05,35,0,0
0
0
0
05,35,0,0/5,35,3,-300
0
0
0
05,35,0,0/5,35,4,-300
0
0
0
05,35,0,0/5,35,3,300
0
0
0
05,35,4,300
0
5,35,0,0
0
05,35,3,-300
0
0
0
05,35,0,0/5,35,3,-300
0
5,35,4,-300
0
005,35,3,-200/5,35,0,200/4,35,600,500,2,3
0
0
0
05,35,0,0
0
0
0
05,35,0,-200/5,35,3,200
0
0
0
05,35,0,0
0
0
0
05,35,3,-200/5,35,0,200
0
0
0
05,35,4,0
0
0
0
05,35,3,0/5,35,4,200
0
0
0
05,35,4,-200/5,35,3,0
0
0
0
005,35,0,-200/5,35,0,200
0
0
0
05,35,3,-200/5,35,3,200
0
0
0
05,35,4,-200/5,35,4,200
0
0
0
05,35,0,-200/5,35,0,200
0
0
0
05,35,0,-200/5,35,0,200
0
0
0
05,35,3,200
0
0
0
05,35,0,-200/5,35,0,200
0
0
0
05,35,3,-200
0
0
0
005,35,0,200
0
5,35,0,-200
0
05,35,0,100
0
5,35,0,-100
0
05,35,0,150
0
5,35,0,-150
0
05,35,0,80
0
5,35,0,-80
0
05,35,1,200
5,35,1,-200
5,35,1,80
5,35,1,-80
05,35,1,150
5,35,1,-150
5,35,1,60
5,35,1,-60
05,35,1,180
5,35,1,-180
5,35,1,20
5,35,1,-20
05,35,1,230
5,35,1,-230
5,35,1,30
5,35,1,-30
004,35,0,0,0.5,2
0
0
0
00
0
0
0
00
0
0
0
00
0
0
0
00
0
0
0
00
0
0
0
01,38,0,0,0,150,150,100,0.5,2/5,38,0,0/4,38,0,0,0.5,1
0
0
0
00
0
0
0
001,39,400,0,90,200,400,100,0.5,2/1,40,-400,0,270,200,400,100,0.5,2/5,40,0,0
0
0
0
05,40,3,0/2,40,-300,0,0.5,2
0
0
0
05,39,0,0
0
0
0
05,39,3,0/2,39,300,0,0.5,2
0
0
0
05,39,0,0/5,40,0,0/4,39,0,0,0.5,1/4,40,0,0,0.5,1
0
0
0
00
0
0
0
01,41,0,0,0,400,400,100,0.5,2/5,41,0,100/5,41,0,-100
0
0
0
05,41,0,0
0
0
0
005,41,0,100/5,41,0,-100
0
0
0
05,41,2,100,2
0
0
0
05,41,0,100/5,41,0,-100
0
0
0
05,41,2,-100,2
0
0
0
05,41,0,100/5,41,0,-100
0
0
0
00
0
0
0
05,41,0,-100
0
0
0
05,41,0,100
0
5,41,0,120/4,41,0,0,0.5,1
0
000
0
0
0
00
0
0
0
01,42,0,-175,0,800,300,100,0.7,2/1,43,0,175,180,800,300,100,0.7,2/5,42,0,250/5,43,0,250
0
0
0
05,42,0,-250/5,43,0,-250
0
0
0
05,42,0,250/5,43,0,250
0
0
0
00
0
0
0
05,42,0,200/5,42,0,-200
0
0
0
05,42,0,150/5,42,0,-150
0
0
0
005,43,0,150/5,43,0,-150
0
0
0
00
0
0
0
05,43,0,250/5,43,0,-250
0
0
0
05,43,0,200/5,43,0,-200
0
0
0
04,42,800,200,0.5,3/2,42,0,-255,0.5,3
0
0
0
00
0
0
0
05,42,1,-300/4,43,0,0,0.5,1
5,42,1,-225
5,42,1,-150
5,42,1,-75
05,42,1,0
5,42,1,75
5,42,1,150
5,42,1,225
005,42,1,300/4,42,0,0,0.5,1/1,44,-400,200,270,200,400,100,0.5,2/5,44,0,0/2,44,-400,0,1,3
0
0
0
05,44,0,0
0
0
0
05,44,0,0
0
0
0
05,44,0,0
0
0
0
05,44,3,0/2,44,0,0,0.5,2/4,44,0,0,0.5,1
0
0
0
00
0
0
0
01,45,0,0,0,500,500,100,0.5,2/5,45,0,100/5,45,0,-100
0
0
0
05,45,0,0
0
0
0
005,45,4,100/5,45,4,-100/4,45,600,600,0.5,2
0
0
0
05,45,0,0
0
0
0
05,45,3,100/5,45,3,-100/4,45,500,500,0.5,2
0
0
0
05,45,0,0
0
0
0
05,45,3,100/5,45,3,-100/4,45,400,400,0.5,2
0
0
0
00
0
0
0
05,45,0,-100
0
0
0
05,45,0,100
0
5,45,4,100/4,45,500,500,0.5,2
0
000
0
0
0
00
0
0
0
05,45,2,150,5/5,45,2,-150,5
0
0
0
00
0
0
0
05,45,2,150,5/5,45,2,-150,5
0
0
0
00
0
0
0
05,45,2,150,2/5,45,2,-150,2
0
0
0
05,45,2,80,2/5,45,2,-80,2
0
0
0
004,45,0,0,1,1
0
0
0
00
0
0
0
00
0
0
0
00
0
0
0
01,46,0,0,0,600,600,80,1,2/1,47,0,0,90,600,600,80,1,2/1,48,0,0,180,600,600,80,1,2/1,49,0,0,270,600,600,80,1,2/5,46,0,60/5,46,0,180
0
0
5,46,0,-120
05,46,0,120
0
5,46,0,-60/5,46,0,-180
0
05,46,0,60/5,46,0,180/5,46,3,-60
0
0
5,46,0,-120
05,46,0,120
0
5,46,0,60/5,46,0,-180
0
005,46,0,120/5,46,0,-120
0
0
0
05,46,0,80/5,46,0,-80
0
0
0
05,46,0,120/5,46,0,-120
0
0
0
05,46,0,80/5,46,0,-80
0
0
0
05,46,2,120,2/5,46,2,-120,2
0
0
0
00
0
0
0
05,47,0,0/5,49,0,0
0
0
0
05,47,0,-100/5,49,0,100
0
0
0
005,46,0,120/5,46,0,-120
0
0
0
05,46,3,120
0
0
0
05,46,0,120/5,46,0,-120
0
0
0
05,46,3,-120
0
0
0
05,46,0,120/5,46,0,-120
0
0
0
00
0
0
0
05,48,0,100
0
0
0
05,48,0,0
0
5,48,0,-100
0
000
0
0
0
00
0
0
0
05,46,3,0
0
0
0
05,46,4,0
0
0
0
05,46,3,0
0
0
0
00
0
0
0
05,48,0,100/5,48,0,-100
0
0
0
05,48,0,150/5,48,0,-150
0
0
0
005,48,0,200/5,48,0,-200
0
0
0
00
0
0
0
05,47,4,0/5,49,4,0
0
0
0
05,47,3,0/5,49,3,0
0
0
0
00
0
0
0
00
0
0
0
05,46,1,-200
5,46,1,-150
5,46,1,-100
5,46,1,-50
05,46,1,0
5,46,1,50
5,46,1,100
5,46,1,150
005,46,1,200/5,49,0,-100
0
0
0
05,49,0,100
0
0
0
05,49,0,-100/5,47,0,100
0
0
0
05,49,0,100
0
0
0
05,49,0,-100/5,47,0,100
0
0
0
00
0
0
0
05,47,0,100
0
0
0
05,47,0,-100
0
0
0
005,47,0,150/5,49,0,-150
0
0
0
05,47,0,100
0
0
0
05,47,0,50/5,49,0,-50
0
0
0
05,47,0,-50
0
0
0
05,47,0,0/5,49,0,0
0
0
0
00
0
0
0
05,48,0,-100
0
0
0
05,48,0,0
0
5,48,0,100
0
004,46,500,500,2,3/4,47,500,500,2,3/4,48,500,500,2,3/4,49,500,500,2,3
0
0
0
00
0
0
0
005,46,3,100/5,46,4,-100
0
0
0
00
0
0
0
05,46,3,100/5,46,4,-100
0
0
0
00
0
0
0
05,46,3,100/5,46,4,-100
0
0
0
05,46,4,100/5,46,3,-100
0
0
0
004,46,0,0,1,1/4,47,0,0,1,1/4,48,0,0,1,1/4,49,0,0,1,1
0
0
0
00
0
0
0
00
0
0
0
00
0
0
0
01,50,0,0,0,400,400,90,1,2/5,50,4,100
0
5,50,0,-100
0
05,50,0,60
0
5,50,0,-70
0
05,50,0,150
5,50,0,-150
5,50,0,120
0
05,50,3,100/5,50,3,-100
0
0
0
004,50,600,600,5,3/5,50,0,100/5,50,0,-100
0
0
0
00
0
0
0
05,50,0,100/5,50,0,-100
0
0
0
05,50,0,0
5,50,1,-25
5,50,1,-50
5,50,1,-75
05,50,0,100/5,50,1,-100
0
0
0
05,50,0,60/5,50,0,-60
0
0
0
05,50,0,100/5,50,0,-100
0
0
0
05,50,0,60/5,50,0,-60
0
0
0
005,50,2,-100,5/5,50,0,100
0
0
0
05,50,3,100
0
0
0
05,50,3,100
0
0
0
05,50,0,60/5,50,0,-60
0
0
0
05,50,0,-100/5,50,0,100
0
0
0
05,50,0,-80/5,50,0,80
0
0
0
05,50,2,-60,2/5,50,0,100
0
0
0
05,50,0,120
0
0
0
005,50,2,150,6/5,50,2,-150,6
0
0
0
00
0
0
0
05,50,2,100,2/5,50,2,-100,2
0
0
0
00
0
0
0
05,50,0,-80/5,50,0,80
0
0
0
05,50,3,-100/5,50,3,100
0
0
0
05,50,0,-80/5,50,0,80
0
0
0
05,50,3,-100/5,50,3,100
0
0
0
005,50,2,-150,5/5,50,0,50
0
0
0
05,50,0,200
0
0
0
05,50,2,-150,5/5,50,0,160
0
0
0
05,50,0,120
0
0
0
05,50,3,150/5,50,4,-150
0
0
0
05,50,4,150/5,50,3,-150
0
0
0
05,50,1,150/5,50,1,-150
5,50,1,130/5,50,1,-130
5,50,1,110/5,50,1,-110
5,50,1,90/5,50,1,-90
05,50,1,70/5,50,1,-70
5,50,1,50/5,50,1,-50
0
0
005,50,2,100,6/5,50,2,-100,6
0
0
0
00
0
0
0
05,50,2,150,6/5,50,2,-150,6
0
0
0
00
0
0
0
05,50,0,0/5,50,3,-150
0
0
0
05,50,0,0
0
0
0
05,50,0,0/5,50,3,150
0
0
0
05,50,0,0
0
0
0
005,50,2,-200,6/5,50,0,0
0
0
0
05,50,0,180
0
0
0
05,50,0,160
0
0
0
05,50,0,100/5,50,0,-100
0
0
0
05,50,0,0
0
0
0
05,50,0,60/5,50,0,-60
0
0
0
05,50,2,100,2/5,50,2,-100,2
0
0
0
00
0
0
0
005,50,2,220,6/5,50,2,-220,6
0
0
0
00
0
0
0
05,50,2,150,2/5,50,2,-150,2
0
0
0
00
0
0
0
05,50,3,100/5,50,4,-100
0
0
0
05,50,4,100/5,50,3,-100
0
0
0
05,50,3,100/5,50,4,-100
0
0
0
05,50,4,100/5,50,3,-100
0
0
0
005,50,2,100,2/5,50,2,-100,2/4,50,400,400,1,3
0
0
0
00
0
0
0
00
0
0
0
00
0
0
0
005,50,0,100/5,50,0,-100
0
0
5,50,3,100
05,50,3,-100
0
0
5,50,4,100
05,50,4,-100
0
5,50,0,100
0
05,50,0,-100
0
0
0
005,50,0,80/5,50,0,-80/4,50,0,0,0.5,1
0
0
0
00
0
0
0
00
0
0
0
00
0
0
0
00
0
0
0
00
0
0
0
00
0
0
0
00
0
0
0
000
0
0
0
00
0
0
0
00
0
0
0
00
0
0
0
00
0
0
0
00
0
0
0
00
0
0
0
00
0
0
0
000
0
0
0
00
0
0
0
00
0
0
0
00
0
0
0
00
0
0
0
00
0
0
0
00
0
0
0
00
0
0
0
000
0
0
0
00
0
0
0
00
0
0
0
00
0
0
0
00
0
0
0
00
0
0
0
00
0
0
0
00
0
0
0