128,4.65,Perfect 10 VIP
00
0
0
0
00
0
0
0
00
0
0
0
00
0
0
0
00
0
0
0
00
0
0
0
00
0
0
0
00
0
0
0
1,0,0,0,0,400,400,100,1.1,2/5,0,0,0
4,0,0,0,1,1
0
0
0
0
0
0
00
0
0
0
0
0
0
0
00
0
0
0
0
0
0
0
00
0
0
0
0
0
0
0
00
0
0
0
0
0
0
0
00
0
0
0
0
0
0
0
1,1,0,0,0,650,650,100,1,2
0
0
0
0
0
0
0
5,1,2,-150,4/5,1,0,100
0
0
0
5,1,0,100
0
0
0
05,1,0,100/5,1,2,-200,31
0
0
0
5,1,0,100
0
0
0
5,1,0,120
0
5,1,0,140
0
0
0
5,1,2,160,2
0
00
0
0
0
0
0
0
0
0
0
0
0
0
0
0
0
05,1,2,-150,31
0
0
0
5,1,1,200
0
0
0
00
0
5,1,1,220
0
0
0
0
0
05,1,1,240
0
0
0
0
0
0
0
05,1,0,70
0
0
0
5,1,0,70
0
0
0
05,1,2,-170,31/5,1,0,50
5,1,1,70
5,1,1,110
0
5,1,0,110
0
0
0
5,1,0,30
0
5,1,0,70
0
0
0
5,1,0,110
0
0
0
0
0
0
0
0
0
5,1,0,210
0
0
0
5,1,0,180
0
0
0
05,1,2,-185,23
0
0
0
5,1,0,110
0
0
0
0
0
5,1,0,0
0
0
0
0
0
5,1,0,200
0
0
0
0
0
0
0
5,1,2,-225,7/5,1,0,100
0
0
0
5,1,0,100
0
0
0
05,1,2,-200,31/5,1,0,60
5,1,1,100
5,1,1,140
0
5,1,0,140
0
0
0
5,1,0,140
5,1,1,120
0
0
5,1,0,140
0
0
0
0
0
0
0
0
0
0
0
5,1,0,100
5,1,1,120
5,1,1,140
0
0
0
0
0
05,1,2,-150,31
0
0
0
0
0
0
0
0
0
0
0
0
0
0
0
0
0
0
0
5,1,0,0
0
5,1,0,0
0
5,1,0,150
0
5,1,0,50
0
5,1,0,200
0
5,1,0,100
0
05,1,2,-170,31/5,1,0,180
0
0
0
5,1,0,150
0
5,1,0,100
0
0
0
0
0
0
0
0
0
0
0
0
0
0
0
0
0
5,1,0,150
0
5,1,0,50
0
5,1,0,200
0
5,1,0,100
0
05,1,2,-185,15/5,1,0,150
0
0
0
5,1,0,120
0
5,1,0,100
0
00
0
0
0
5,1,0,0/4,1,0,0,1,1
0
0
0
00
0
0
0
01,2,-450,0,-90,650,250,120,1,2/1,3,450,0,90,650,250,120,1,2/5,2,0,-200
0
0
0
5,2,0,0
0
0
0
5,2,0,200
0
0
0
005,2,0,150/5,3,0,-100
0
0
0
5,2,0,140
0
0
0
5,2,2,150,4/5,3,2,100,3
0
0
0
0
0
0
0
5,2,0,120/5,3,0,-100
0
0
0
0
0
5,2,0,90
0
05,3,0,100
0
0
0
5,2,2,30,8/5,3,2,0,3
0
0
0
005,3,0,-100/1,4,0,0,0,500,400,150,1,2
0
0
0
00
0
0
0
05,3,0,100
0
5,4,0,140
0
0
0
0
0
05,3,0,-100/5,4,0,-140/4,4,0,0,1,1
0
0
0
05,2,0,-200
0
0
0
05,3,0,100/5,2,0,0
0
0
0
05,2,0,200
0
0
0
005,3,0,-100/5,2,0,0
0
0
0
05,2,0,0
0
0
0
05,3,2,100,3/5,2,0,50
0
0
0
05,2,0,50
0
5,2,1,75
0
05,3,0,-100/5,2,0,100
0
0
0
05,2,0,75
0
5,2,0,100
0
05,3,0,100
0
5,2,0,150
0
00
0
0
0
005,3,0,-100
0
0
0
05,2,0,-200
0
0
0
05,3,0,100/5,2,0,-200
0
0
0
05,2,0,-150/4,2,0,0,0.5,1/4,3,0,0,0.5,1
0
0
0
05,3,0,-100/1,5,0,0,0,550,550,100,1,2
0
0
0
05,5,0,-200/5,5,0,200
0
0
0
05,5,0,0
0
0
0
05,5,0,-200/5,5,0,200
0
0
0
005,5,0,-100/5,5,0,-100
0
0
0
05,5,0,25
0
0
0
05,5,2,-100,3/5,5,0,100
0
5,5,0,50
0
05,5,0,-100/5,5,2,100,3
0
5,5,0,-50
0
05,5,0,-150/5,5,0,150
5,5,1,175
5,5,1,200
0
05,5,0,-150/5,5,0,100
5,5,1,-175
5,5,1,-200
0
05,5,0,200
0
0
0
05,5,2,150,7/5,5,2,-150,7
0
0
0
004,5,650,650,1.5,3
0
0
0
00
0
0
0
00
0
0
0
00
0
0
0
00
0
0
0
00
0
0
0
05,5,0,-200/5,5,0,200
5,5,1,100
5,5,1,0
5,5,1,-100
05,5,0,-200/5,5,2,200,6
5,5,1,-220
5,5,1,-240
5,5,1,-260
000
0
0
0
05,5,2,-200,6/5,5,0,200
5,5,1,220
5,5,1,240
5,5,1,260
00
0
0
0
05,5,0,-200/5,5,2,200,6
5,5,1,-220
5,5,1,-240
5,5,1,-260
00
0
0
0
05,5,2,-200,6/5,5,0,200
5,5,1,220
5,5,1,240
5,5,1,260
00
0
0
0
05,5,2,-200,6/5,5,2,200,6
0
0
0
000
0
0
0
00
0
0
0
00
0
0
0
00
0
0
0
05,5,0,-200
5,5,0,200
5,5,0,-250
5,5,0,250
05,5,0,-200
5,5,0,200
5,5,0,-150
5,5,0,150
05,5,0,-200/5,5,0,200
5,5,1,180
5,5,1,120
5,5,1,-10
05,5,0,-100/5,5,0,100
5,5,1,-80
5,5,1,0
5,5,1,90
005,5,2,-200,3/5,5,2,200,3/4,5,470,470,1,3
0
0
0
00
0
0
0
01,6,500,200,0,200,200,50,1,2/5,6,1,25
0
5,6,1,0
0
05,6,1,-25
0
0
0
04,6,0,0,1,1
0
0
0
00
0
0
0
01,7,-500,-200,0,200,200,50,1,2/5,7,1,-25
0
5,7,1,0
0
05,7,1,25
0
0
0
004,7,0,0,1,1/4,5,550,550,1,3
0
0
0
00
0
0
0
00
0
0
0
00
0
0
0
05,5,0,-150
5,5,0,150
5,5,0,-200
5,5,0,200
05,5,0,-150
5,5,0,150
5,5,0,-100
5,5,0,100
05,5,0,-150/5,5,0,150
5,5,1,140
5,5,1,70
5,5,1,-15
05,5,0,-75/5,5,0,75
5,5,1,-60
5,5,1,0
5,5,1,90
005,5,2,-200,3/5,5,2,200,3/4,5,0,0,1.5,1
0
0
0
00
0
0
0
01,8,500,200,90,200,200,50,1,2/5,8,1,25
0
5,8,1,0
0
05,8,1,-25
0
0
0
04,8,0,0,1,1
0
0
0
00
0
0
0
01,9,-500,-200,-90,200,200,50,1,2/5,9,1,-25
0
5,9,1,0
0
05,9,1,25
0
0
0
004,9,0,0,1,1
0
0
0
00
0
0
0
00
0
0
0
00
0
0
0
01,10,100,0,0,600,600,100,1,2
0
0
0
05,10,0,-100
0
0
0
05,10,0,-100
0
0
0
05,10,0,-100/1,11,-400,-100,0,200,400,80,1,2
0
0
0
005,10,0,0/2,11,-400,-200,5,3/4,11,200,200,5,3
0
0
0
05,10,0,150/5,11,0,-50
0
0
0
05,10,0,50/5,11,0,0
5,10,1,75
0
5,11,1,0
05,10,0,100/5,11,0,50
0
0
0
05,11,0,25
0
0
0
05,10,0,0/5,11,0,0
0
0
0
05,10,0,0/5,11,0,0
0
0
0
05,10,0,0
0
0
0
005,10,0,50
5,10,1,75
5,10,1,100
0
05,10,0,50/5,11,0,-50
0
0
0
05,10,0,100/5,11,0,0
5,10,1,125
5,10,1,150
0
05,10,2,150,3/5,11,0,50
0
5,11,0,40
0
00
0
5,11,0,0
0
05,10,0,100/5,11,0,-20
0
0
0
05,10,0,0/5,11,0,-30
0
0
0
05,10,0,-50/5,11,0,-50
0
0
0
005,10,2,-100,10
0
0
0
05,11,0,0
0
0
0
00
0
5,11,0,0
0
05,10,2,150,10/5,11,0,50
0
0
0
05,11,0,20/2,11,-400,0,1.5,3/4,10,0,0,1,1/4,11,0,0,1,1
0
0
0
05,11,0,-20
0
0
0
05,10,0,0/5,11,0,-20
0
0
0
00
0
0
0
000
0
0
0
00
0
0
0
00
0
0
0
00
0
0
0
01,12,0,0,0,650,650,100,1,2/5,12,0,-200
5,12,0,200
5,12,0,-250
5,12,0,250
05,12,0,-200
5,12,0,200
5,12,0,-150
5,12,0,150/2,12,200,0,0.5,3/4,12,450,650,0.5,3
05,12,1,-150/5,12,1,150/1,13,-400,0,0,100,650,80,1,2
5,12,1,-150/5,12,1,150
5,12,1,-150/5,12,1,150
5,12,1,-150/5,12,1,150
05,12,1,-150/5,12,1,150/2,13,-200,0,0.3,3/4,12,400,650,0.2,3
5,12,1,-150/5,12,1,150
5,12,1,-150/5,12,1,150
0
005,13,0,0/4,13,0,0,0.5,1/1,14,-400,0,0,100,650,80,1,2/5,12,0,150
5,12,1,75
5,12,1,0
5,12,1,-75
2,14,-200,0,0.3,3/5,12,1,-150/4,12,450,650,0.2,3
5,12,1,-75
5,12,1,0
0
05,14,0,0/4,14,0,0,0.5,1/1,15,-400,0,0,100,650,80,1,2/5,12,0,150
5,12,1,75
5,12,1,0
5,12,1,75
2,15,-200,0,0.3,3/5,12,1,150/4,12,400,650,0.2,3
5,12,1,75
5,12,1,0
0
05,15,0,0/4,15,0,0,0.5,1/1,16,-400,0,0,100,650,80,1,2/5,12,0,150
5,12,1,75
5,12,1,0
5,12,1,-75
2,16,-200,0,0.3,3/5,12,1,-150/4,12,450,650,0.2,3
5,12,1,-75
5,12,1,0
0
05,16,0,0/4,16,0,0,0.5,1/1,17,-400,0,0,100,650,80,1,2/5,12,0,150
5,12,1,75
5,12,1,0
0
2,17,-200,0,0.3,3/4,12,400,650,0.2,3
0
0
0
05,17,0,0/4,17,0,0,0.5,1/1,18,-400,0,0,100,650,80,1,2
0
0
0
2,18,-200,0,0.3,3/5,12,2,0,2/4,12,450,650,0.2,3
0
0
5,12,1,75
05,18,0,0/4,18,0,0,0.5,1/1,19,-400,0,0,100,650,80,1,2/5,12,1,150
0
0
0
2,19,-200,0,0.3,3/5,12,0,150/4,12,400,650,0.2,3
5,12,1,0
5,12,1,150
0
05,19,0,0/4,19,0,0,0.5,1/1,20,-400,0,0,100,650,80,1,2
0
5,12,0,150
5,12,1,0
2,20,-200,0,0.3,3/5,12,1,150/4,12,450,650,0.2,3
0
0
0
05,20,0,0/4,20,0,0,0.5,1/1,21,-400,0,0,100,650,80,1,2/5,12,0,150
5,12,1,75
5,12,1,0
5,12,1,-75
2,21,-200,0,0.3,3/4,12,400,650,0.2,3
0
0
0
005,21,0,0/4,21,0,0,0.5,1/1,22,-400,0,0,100,650,80,1,2/5,12,0,150
5,12,1,75
5,12,1,0
5,12,1,-75
2,22,-200,0,0.3,3/5,12,1,-150/4,12,450,650,0.2,3
5,12,1,-75
5,12,1,0
0
05,22,0,0/4,22,0,0,0.5,1/1,23,-400,0,0,100,650,80,1,2/5,12,0,150
5,12,1,75
5,12,1,0
5,12,1,75
2,23,-200,0,0.3,3/5,12,1,150/4,12,400,650,0.2,3
5,12,1,75
5,12,1,0
0
05,23,0,0/4,23,0,0,0.5,1/1,24,-400,0,0,100,650,80,1,2/5,12,0,150
5,12,1,75
5,12,1,0
5,12,1,-75
2,24,-200,0,0.3,3/5,12,1,-150/4,12,450,650,0.2,3
5,12,1,-75
5,12,1,0
0
05,24,0,0/4,24,0,0,0.5,1/1,25,-400,0,0,100,650,80,1,2/5,12,0,150
5,12,1,75
5,12,1,0
0
2,25,-200,0,0.3,3/4,12,400,650,0.2,3
0
0
0
005,25,0,0/4,25,0,0,0.5,1/1,26,-400,0,0,100,650,80,1,2
0
0
0
2,26,-200,0,0.3,3/4,12,450,650,0.2,3/5,12,2,0,2
0
0
5,12,1,75
05,26,0,0/4,26,0,0,0.5,1/1,27,-400,0,0,100,650,80,1,2/5,12,1,150
5,12,1,75
5,12,1,0
5,12,1,-75
2,27,-200,0,0.3,3/4,12,400,650,0.2,3/5,12,1,-150
5,12,1,-75
5,12,1,0
0
05,27,0,0/4,27,0,0,0.5,1/1,28,-400,0,0,100,650,80,1,2
0
5,12,0,0
0
2,28,-200,0,0.3,3/4,12,450,650,0.2,3/5,12,1,100
0
5,12,1,-120
0
05,28,1,0/4,28,0,0,0.5,1/1,29,-400,0,0,100,650,80,1,2/5,12,2,-100,6/5,12,2,100,6
5,28,1,0
0
0
2,29,-200,0,0.3,3/4,12,400,650,0.2,3
0
0
0
005,29,0,0/4,29,0,0,0.5,1/1,30,-400,0,0,100,650,80,1,2/5,12,0,150
5,12,1,75
5,12,1,0
5,12,1,-75
2,30,-200,0,0.3,3/5,12,1,-150/4,12,450,650,0.2,3
5,12,1,-75
5,12,1,0
0
05,30,0,0/4,30,0,0,0.5,1/1,31,-400,0,0,100,650,80,1,2/5,12,0,150
5,12,1,75
5,12,1,0
5,12,1,75
2,31,-200,0,0.3,3/5,12,1,150/4,12,400,650,0.2,3
5,12,1,75
5,12,1,0
0
05,31,0,0/4,31,0,0,0.5,1/1,32,-400,0,0,100,650,80,1,2/5,12,0,150
5,12,1,75
5,12,1,0
5,12,1,-75
2,32,-200,0,0.3,3/5,12,1,-150/4,12,450,650,0.2,3
5,12,1,-75
5,12,1,0
0
05,32,0,0/4,32,0,0,0.5,1/1,33,-400,0,0,100,650,80,1,2/5,12,0,150
5,12,1,75
5,12,1,0
0
2,33,-200,0,0.3,3/4,12,400,650,0.2,3
0
0
0
005,33,0,0/4,33,0,0,0.5,1/1,34,-400,0,0,100,650,80,1,2
0
0
0
2,34,-200,0,0.3,3/4,12,450,650,0.2,3/5,12,0,-50
0
0
0
05,34,0,0/4,34,0,0,0.5,1/1,35,-400,0,0,100,650,80,1,2/5,12,0,70
0
0
0
2,35,-200,0,0.3,3/4,12,400,650,0.2,3/5,12,0,-150
5,12,1,0
5,12,1,-150
0
05,35,0,0/4,35,0,0,0.5,1/1,36,-400,0,0,100,650,80,1,2
0
5,12,0,150
5,12,1,0
2,36,-200,0,0.3,3/4,12,450,650,0.2,3/5,12,1,150
0
0
0
05,36,0,0/4,36,0,0,0.5,1/1,37,-400,0,0,100,650,80,1,2/5,12,0,150
5,12,1,112.5
5,12,1,75
5,12,1,37.5
2,37,-200,0,0.3,3/4,12,400,650,0.2,3/5,12,1,0
5,12,1,-37.5
5,12,1,-75
0
005,37,0,0/4,37,0,0,0.5,1/1,38,-400,0,0,100,650,80,1,2/5,12,0,150
5,12,1,75
5,12,1,0
5,12,1,-75
2,38,-200,0,0.3,3/5,12,1,-150/4,12,450,650,0.2,3
5,12,1,-75
5,12,1,0
0
05,38,0,0/4,38,0,0,0.5,1/1,39,-400,0,0,100,650,80,1,2/5,12,0,150
5,12,1,75
5,12,1,0
5,12,1,75
2,39,-200,0,0.3,3/5,12,1,150/4,12,400,650,0.2,3
5,12,1,75
5,12,1,0
0
05,39,0,0/4,39,0,0,0.5,1/1,40,-400,0,0,100,650,80,1,2/5,12,0,150
5,12,1,75
5,12,1,0
5,12,1,-75
2,40,-200,0,0.3,3/5,12,1,-150/4,12,450,650,0.2,3
5,12,1,-75
5,12,1,0
0
05,40,0,0/4,40,0,0,0.5,1/5,12,0,150
5,12,1,75
5,12,1,0
0
04,12,0,0,1,1
0
0
0
005,12,0,0
0
0
0
00
0
0
0
00
0
0
0
00
0
0
0
00
0
0
0
01,41,0,0,0,400,400,100,0.5,2
0
0
0
01,42,-450,220,0,200,200,100,0.5,2/1,43,450,220,0,200,200,100,0.5,2
0
0
0
01,44,-450,0,0,200,200,100,0.5,2/1,45,450,0,0,200,200,100,0.5,2
0
0
0
001,46,-450,-220,0,200,200,100,0.5,2/1,47,450,-220,0,200,200,100,0.5,2
0
0
0
05,42,0,0/5,47,0,0
0
0
0
00
0
5,46,0,0/5,43,0,0
0
00
0
0
0
05,44,0,0/5,45,0,0
0
0
0
05,44,0,0
0
0
0
05,44,2,0,3/5,45,2,0,3
0
0
0
00
0
0
0
005,42,0,0
0
0
0
05,41,0,-130/5,41,0,130
0
0
0
05,43,0,0/5,41,0,-100
5,41,1,-50
5,41,1,0
5,41,1,50
05,41,1,100
05,41,1,0
05,41,1,100
0
05,44,0,0
0
0
0
05,41,0,120
5,41,1,60
5,41,1,120
0
05,45,0,0/5,41,0,-100
5,41,1,-75
5,41,1,-50
5,41,1,-25
05,41,1,0
5,41,1,25
5,41,1,50
0
005,46,0,0
0
0
0
05,41,2,0,3
0
0
0
05,47,0,0
0
5,41,0,0
0
05,41,2,-75,3/5,41,2,75,3
0
0
0
05,42,0,0/5,41,0,100
5,41,1,50
5,41,1,0
5,41,1,-50
05,41,1,-100
5,41,1,-50
5,41,1,0
0
05,43,0,0/5,41,2,0,6
0
0
0
00
0
0
0
005,44,0,0
0
0
0
05,41,0,0
0
0
0
05,45,0,0/5,41,0,-100
5,41,1,0
5,41,1,100
0
05,41,0,0
0
5,41,0,-50
0
05,46,0,0
0
5,41,0,0
5,41,1,20
05,41,1,-20
5,41,1,40
5,41,1,-40
0
05,47,0,0/5,41,0,50
0
0
0
05,41,0,-50
0
0
0
005,42,0,0
0
0
0
05,41,0,-50
5,41,1,0
5,41,1,50
0
05,43,0,0
0
5,41,0,100
5,41,1,0
05,41,1,-100
5,41,1,0
5,41,1,100
0
05,44,0,0/5,41,0,-20
0
0
0
05,41,0,40
0
0
0
05,45,0,0/5,41,2,0,3
0
0
0
00
0
0
0
005,46,0,0
0
0
0
05,41,0,0
0
0
0
05,47,0,0
0
5,41,0,0
0
05,41,0,0
0
0
0
05,42,0,0/5,41,0,0
0
0
0
05,41,0,0
0
0
0
05,43,0,0/5,41,2,0,3
0
0
0
00
0
0
0
005,44,0,0
0
0
0
05,41,2,0,2
0
0
0
05,45,0,0
0
5,41,0,-50
0
05,41,2,-50,2
0
0
0
05,46,0,0/5,41,0,100
5,41,1,50
5,41,1,0
5,41,1,-50
05,41,1,-100
5,41,1,-50
5,41,1,0
0
05,47,0,0/5,41,2,0,3/4,42,0,0,1,1/4,43,0,0,1,1/4,44,0,0,1,1/4,45,0,0,1,1/4,46,0,0,1,1/4,47,0,0,1,1/4,41,0,0,1,1/2,42,0,0,1,1/2,43,0,0,1,1/2,44,0,0,1,1/2,45,0,0,1,1/2,46,0,0,1,1/2,47,0,0,1,1
0
0
0
00
0
0
0
000
0
0
0
00
0
0
0
00
0
0
0
00
0
0
0
00
0
0
0
00
0
0
0
01,48,0,0,0,900,650,130,1,2
0
0
0
00
0
0
0
005,48,0,280/5,48,0,-280
0
0
0
05,48,0,300/5,48,0,-300
0
0
5,48,0,250
05,48,0,250/5,48,0,250
0
5,48,0,270
0
05,48,1,290
0
5,48,0,-260
0
00
0
0
0
05,48,0,100/5,48,0,-100
0
0
0
05,48,0,110/5,48,0,-110
0
0
0
05,48,0,70/5,48,0,-70
0
0
0
005,48,0,100/5,48,0,-100
5,48,1,50
5,48,1,0
5,48,1,-50
05,48,0,100
0
5,48,0,300
0
05,48,0,0
0
5,48,0,200
0
05,48,0,-100
0
5,48,0,100
0
00
0
0
0
05,48,0,-300
0
5,48,0,-300
0
05,48,0,200
0
5,48,0,-100
0
05,48,0,100
0
5,48,0,-200
0
005,48,0,150
5,48,0,-180
5,48,0,100
5,48,0,-220
05,48,0,160
0
5,48,0,180
0
00
0
0
0
05,48,0,0
0
0
0
00
0
0
0
00
0
0
0
05,48,0,180/5,48,0,-180
0
5,48,0,0
0
05,48,0,0
0
5,48,0,0
0
005,48,0,-300
0
0
0
05,48,0,120
0
0
0
05,48,2,80,6
0
0
0
00
0
0
0
00
0
0
0
00
0
0
0
05,48,0,100/5,48,0,-100
0
0
0
05,48,0,200/5,48,0,-200
0
0
0
005,48,0,100/5,48,0,-100
5,48,1,-150
5,48,1,-200
5,48,1,-250
05,48,1,300
5,48,1,250
5,48,1,200
5,48,1,150
05,48,0,100/5,48,0,-100
0
5,48,0,140/5,48,0,-140
0
05,48,1,50
0
5,48,0,100/5,48,0,-100
0
00
0
0
0
05,48,1,-300
0
5,48,1,-250
0
05,48,0,-200
0
5,48,0,200
0
05,48,0,-160
0
5,48,0,240
0
005,48,0,200
5,48,0,-100
5,48,0,120
5,48,0,-180
05,48,2,100,12
0
0
0
00
0
5,48,2,-100,2
0
00
0
5,48,2,-100,2
0
00
0
0
0
00
0
0
0
05,48,0,-150
0
0
0
05,48,0,0
0
0
0
005,48,0,200
5,48,1,240
5,48,0,-200
5,48,1,-240
05,48,0,150
5,48,1,190
5,48,0,-230
5,48,1,-270
05,48,0,220
5,48,1,260
5,48,0,-160
5,48,1,-200
05,48,0,120
5,48,1,160
5,48,0,-180
5,48,1,-220
05,48,0,200
5,48,1,133.3
5,48,1,66.6
5,48,1,0
05,48,1,-66.6
5,48,1,-133.3
5,48,0,-200
5,48,1,-133.3
05,48,1,-66.6
5,48,1,0
5,48,1,66.6
5,48,1,133.3
05,48,0,200/5,48,0,-200/4,48,0,0,0.5,1
0
0
0
000
0
0
0
00
0
0
0
00
0
0
0
00
0
0
0
00
0
0
0
00
0
0
0
00
0
0
0
1,49,-450,0,-90,650,250,120,1,2/1,50,450,0,90,650,250,120,1,2
0
0
0
005,49,0,150/5,50,0,-100
0
0
0
5,49,0,140
0
0
0
5,49,2,150,4/5,50,2,100,3
0
0
0
0
0
0
0
5,49,0,120/5,50,0,-100
0
0
0
0
0
5,49,0,90
0
05,50,0,100
0
0
0
5,49,2,30,8/5,50,2,0,3
0
0
0
005,50,0,-100/1,51,0,0,0,500,400,150,1,2
0
0
0
00
0
0
0
05,50,0,100
0
5,51,0,140
0
0
0
0
0
05,50,0,-100/5,51,0,-140/4,51,0,0,1,1
0
0
0
05,49,0,-200
0
0
0
05,50,0,100/5,49,0,0
0
0
0
05,49,0,200
0
0
0
005,50,0,-100/5,49,0,0
0
0
0
05,49,0,0
0
0
0
05,50,2,100,3/5,49,0,50
0
0
0
05,49,0,50
0
5,49,1,75
0
05,50,0,-100/5,49,0,100
0
0
0
05,49,0,75
0
5,49,0,100
0
05,50,0,100
0
5,49,0,150
0
00
0
0
0
005,50,0,-100
0
0
0
05,49,0,-200
0
0
0
05,50,0,100/5,49,0,-200
0
0
0
05,49,0,-150/4,49,0,0,0.5,1/4,50,0,0,0.5,1
0
0
0
05,50,0,-100/1,52,0,0,0,550,550,100,1,2
0
0
0
05,52,0,-200/5,52,0,200
0
0
0
05,52,0,0
0
0
0
05,52,0,-200/5,52,0,200
0
0
0
005,52,0,-100/5,52,0,-100
0
0
0
05,52,0,25
0
0
0
05,52,2,-100,3/5,52,0,100
0
5,52,0,50
0
05,52,0,-100/5,52,2,100,3
0
5,52,0,-50
0
05,52,0,-150/5,52,0,150
5,52,1,175
5,52,1,200
0
05,52,0,-150/5,52,0,100
5,52,1,-175
5,52,1,-200
0
05,52,0,200
0
0
0
05,52,2,150,7/5,52,2,-150,7
0
0
0
004,52,650,650,1.5,3
0
0
0
00
0
0
0
00
0
0
0
00
0
0
0
00
0
0
0
00
0
0
0
05,52,0,-200/5,52,0,200
5,52,1,100
5,52,1,0
5,52,1,-100
05,52,0,-200/5,52,2,200,6
5,52,1,-220
5,52,1,-240
5,52,1,-260
000
0
0
0
05,52,2,-200,6/5,52,0,200
5,52,1,220
5,52,1,240
5,52,1,260
00
0
0
0
05,52,0,-200/5,52,2,200,6
5,52,1,-220
5,52,1,-240
5,52,1,-260
00
0
0
0
05,52,2,-200,6/5,52,0,200
5,52,1,220
5,52,1,240
5,52,1,260
00
0
0
0
05,52,0,-200/5,52,0,200/4,52,0,0,0.65,1
0
0
0
000
0
0
0
00
0
0
0
00
0
0
0
00
0
0
0
01,53,0,0,0,400,400,60,0.65,2/5,53,0,100
0
5,53,0,-100
0
05,53,0,100
0
5,53,0,-100
0
05,53,0,100
5,53,1,75
5,53,1,50
5,53,1,25
05,53,1,0
5,53,1,-25
5,53,1,-50
5,53,1,-75
005,53,1,-100
0
0
0
00
0
0
0
00
0
0
0
00
0
0
0
00
0
0
0
00
0
0
0
05,53,0,-150/5,53,0,20/5,53,0,150
0
0
0
05,53,0,-80/5,53,0,80
0
0
0
000
0
0
0
05,53,0,-150/5,53,0,20/5,53,0,150
0
0
0
00
0
0
0
00
0
0
0
5,53,0,100
0
5,53,0,-100
0
05,53,0,100
0
5,53,0,-100
0
05,53,0,100
5,53,1,75
5,53,1,50
5,53,1,25
05,53,1,0
5,53,1,-25
5,53,1,-50
5,53,1,-75
005,53,1,-100
0
0
0
00
0
0
0
00
0
0
0
00
0
0
0
00
0
0
0
00
0
0
0
05,53,0,-150/5,53,0,-20/5,53,0,150
0
0
0
05,53,0,-80/5,53,0,80
0
0
0
000
0
0
0
05,53,0,-150/5,53,0,-20/5,53,0,150/4,53,0,0,1,1
0
0
0
00
0
0
0
00
0
0
0
00
0
0
0
00
0
0
0
00
0
0
0
01,54,400,0,0,200,650,100,1,2/2,54,0,0,2,3
0
0
0
5,54,0,0
0
0
0
05,54,0,0
0
0
0
05,54,0,0
0
0
0
05,54,0,0
0
0
0
05,54,0,0
0
0
0
05,54,0,0
0
0
0
05,54,0,0
0
0
0
05,54,0,0/4,54,0,0,1,1/1,55,-400,0,0,200,650,100,1,2/2,55,0,0,2,3
0
0
0
5,55,0,0
0
0
0
05,55,0,0
0
0
0
05,55,0,0
0
0
0
05,55,0,0
0
0
0
05,55,0,0
0
0
0
05,55,0,0
0
0
0
05,55,0,0
0
0
0
05,55,0,0/4,55,0,0,1,1/1,56,400,0,0,150,650,100,1,2/1,57,-400,0,0,150,650,100,1,2/2,56,0,0,3,3/2,57,0,0,3,3
0
0
0
005,56,0,0
0
5,57,0,0
0
05,56,0,0
0
5,57,0,0
0
05,56,0,0
0
5,57,0,0
0
05,56,0,0
0
5,57,0,0
0
05,56,0,0
0
5,57,0,0
0
05,56,0,0
0
5,57,0,0
0
05,56,0,0
0
5,57,0,0
0
05,56,0,0
0
5,57,0,0/4,56,0,0,1,1/4,57,0,0,1,1
0
000
0
0
0
00
0
0
0
00
0
0
0
01,58,0,0,0,300,400,100,0.5,2
0
0
0
05,58,0,90/5,58,0,-90
0
5,58,0,90/5,58,0,-90
0
01,59,-400,-200,0,200,200,100,0.5,2/1,60,400,-200,0,200,200,100,0.5,2/5,58,0,90/5,58,0,-90
0
5,58,0,90/5,58,0,-90
0
05,58,0,90/5,58,0,-90
5,58,1,67.5/5,58,1,-67.5
5,58,1,45/5,58,1,-45
5,58,1,22.5/5,58,1,-22.5
05,58,1,0/5,58,1,0
0
0
0
005,59,0,0
0
0
0
05,58,0,60
0
0
0
05,58,0,-60
0
5,60,0,0
0
00
0
0
0
05,58,0,90
5,58,0,-90
5,58,0,80
5,58,0,-80
05,58,0,90
0
5,58,0,-90
0
05,58,0,50
0
5,58,0,-50
0
05,58,0,80
0
5,58,0,-80
0
005,59,0,0
0
0
0
05,58,0,60
0
0
0
05,58,0,-60
0
5,60,0,0
0
00
0
0
0
05,58,0,90
5,58,0,-90
5,58,0,80
5,58,0,-80
05,58,0,90
0
5,58,0,-90
0
05,58,0,100
5,58,1,75
5,58,1,50
5,58,1,25
05,58,1,0
5,58,1,-25
5,58,1,-50
0
005,59,0,0
0
0
0
05,58,0,60
0
0
0
05,58,0,-60
0
5,60,0,0
0
00
0
0
0
05,58,0,90
5,58,0,-90
5,58,0,80
5,58,0,-80
05,58,0,90
0
5,58,0,-90
0
05,58,0,50
0
5,58,0,-50
0
05,58,0,80
0
5,58,0,-80
0
005,59,0,0
0
0
0
05,58,0,60
0
0
0
05,58,0,-60
0
5,60,0,0
0
03,58,180,1.5,3/3,59,-180,1.5,3/3,60,180,1.5,3/2,59,-400,200,1.5,3/2,60,400,200,1.5,3
0
0
0
05,58,2,0,12
0
0
0
00
0
0
0
00
0
0
0
00
0
0
0
005,60,0,0
0
0
0
05,58,0,60
0
0
0
05,58,0,-60
0
5,59,0,0
0
00
0
0
0
05,58,0,90
5,58,0,-90
5,58,0,80
5,58,0,-80
05,58,0,90
0
5,58,0,-90
0
05,58,0,50
0
5,58,0,-50
0
05,58,0,80
0
5,58,0,-80
0
005,60,0,0
0
0
0
05,58,0,60
0
0
0
05,58,0,-60
0
5,59,0,0
0
00
0
0
0
05,58,0,90
5,58,0,-90
5,58,0,80
5,58,0,-80
05,58,0,90
0
5,58,0,-90
0
05,58,0,100
5,58,1,75
5,58,1,50
5,58,1,25
05,58,1,0
5,58,1,-25
5,58,1,-50
0
005,60,0,0
0
0
0
05,58,0,60
0
0
0
05,58,0,-60
0
5,59,0,0
0
00
0
0
0
05,58,0,90
5,58,0,-90
5,58,0,80
5,58,0,-80
05,58,0,90
0
5,58,0,-90
0
05,58,0,50
0
5,58,0,-50
0
05,58,0,80
0
5,58,0,-80
0
004,59,0,0,1,1/4,60,0,0,1,1
0
0
0
05,58,0,60/5,58,0,-60
0
0
0
00
0
5,58,0,60/5,58,0,-60
0
00
0
0
0
05,58,2,60,3/5,58,2,-60,3/4,58,0,0,1,1
0
0
0
00
0
0
0
00
0
0
0
00
0
0
0
000
0
0
0
00
0
0
0
00
0
0
0
00
0
0
0
00
0
0
0
00
0
0
0
00
0
0
0
00
0
0
0
001,61,0,0,0,500,500,100,1.2,2/5,61,0,-80
0
5,61,0,0
0
05,61,0,-150/5,61,0,150
0
0
0
05,61,0,0
0
5,61,0,-150/5,61,0,150
0
00
0
0
0
05,61,0,120
5,61,0,-100
5,61,0,60
5,61,0,-30
05,61,0,150
0
5,61,0,-120
0
05,61,1,-110
5,61,1,-50
5,61,1,-80
5,61,1,-60
05,61,1,-100
5,61,1,-120
0
0
005,61,0,-80
0
5,61,0,0
0
05,61,0,-150/5,61,0,150
0
0
0
05,61,0,0
0
5,61,0,-150/5,61,0,150
0
00
0
0
0
05,61,0,120
5,61,0,-100
5,61,0,60
5,61,0,-30
05,61,0,150
0
5,61,0,-120
0
05,61,0,100
0
5,61,0,-140
0
05,61,0,60
0
5,61,0,-180
0
005,61,0,-80
0
5,61,0,0
0
05,61,0,-150/5,61,0,150
0
0
0
05,61,0,0
0
5,61,0,-150/5,61,0,150
0
00
0
0
0
05,61,0,200
5,61,0,200
5,61,0,200
0
05,61,0,200
0
5,61,0,200
0
05,61,0,200
0
5,61,0,200
0
05,61,0,180
5,61,1,90
5,61,1,0
0
005,61,0,-80
0
5,61,0,0
0
05,61,0,-150/5,61,0,150
0
0
0
05,61,0,0
0
5,61,0,-150/5,61,0,150
0
00
0
0
0
05,61,0,120
5,61,0,-100
5,61,0,60
5,61,0,-30
05,61,0,150
0
5,61,0,-120
0
05,61,0,100
0
5,61,0,-140
0
05,61,0,60
0
5,61,0,-180
0
005,61,0,-80
0
5,61,0,0
0
05,61,0,-150/5,61,0,150
0
0
0
05,61,0,0
0
5,61,0,-150/5,61,0,150
0
00
0
0
0
05,61,0,120
5,61,0,-100
5,61,0,60
5,61,0,-30
05,61,0,150
0
5,61,0,-120
0
05,61,1,-100
5,61,1,0
5,61,1,-20
5,61,1,-60
05,61,1,-50
5,61,1,-100
0
0
005,61,0,-80
0
5,61,0,0
0
05,61,0,-150/5,61,0,150
0
0
0
05,61,0,0
0
5,61,0,-150/5,61,0,150
0
00
0
0
0
05,61,0,170
5,61,0,-50
5,61,0,110
5,61,0,20
05,61,0,200
0
5,61,0,-70
0
05,61,0,150
0
5,61,0,-90
0
05,61,0,110
0
5,61,0,-130
0
000
0
0
0
05,61,2,180,3
0
0
0
00
0
5,61,2,180,3
0
00
0
0
0
05,61,2,180,3
0
0
0
00
0
5,61,2,180,3
0
04,61,0,0,1,1
0
0
0
00
0
0
0
000
0
0
0
00
0
0
0
00
0
0
0
00
0
0
0
00
0
0
0
00
0
0
0
00
0
0
0
00
0
0
0
000
0
0
0
00
0
0
0
00
0
0
0
00
0
0
0
00
0
0
0
00
0
0
0
00
0
0
0
00
0
0
0
000
0
0
0
00
0
0
0
00
0
0
0
00
0
0
0
00
0
0
0
00
0
0
0
00
0
0
0
00
0
0
0
000
0
0
0
00
0
0
0
00
0
0
0
00
0
0
0
00
0
0
0
00
0
0
0
00
0
0
0
00
0
0
0