160,2.475
0
0
0
0
0
0
0
0
0
0
0
0
0
0
0
0
0
0
0
0
0
0
0
0
0
0
0
0
0
0
0
0
1,0,0,0,0,600,600,100,0.75,2/5,0,0,-75/5,0,0,75
0
0
0
0
0
0
0
0
0
0
0
0
0
0
0
5,0,0,0/5,0,0,200
0
0
0
0
0
0
0
0
0
0
0
0
0
0
0
5,0,0,-120/5,0,0,100
0
0
0
0
0
0
0
5,0,0,60
0
0
0
0
0
0
0
5,0,0,-120/5,0,0,100
0
0
0
0
0
0
0
5,0,0,60
0
0
0
0
0
5,0,1,30
5,0,1,60
5,0,1,80
0
0
0
0
0
0
0
0
0
0
0
0
0
0
0
5,0,0,-100
0
0
0
0
0
0
0
5,0,0,-80
0
0
0
0
0
5,0,1,-10
5,0,1,-40
5,0,1,-60
0
0
0
0
0
0
0
5,0,0,100
0
0
0
0
0
0
0
5,0,0,-60/5,0,0,120
0
0
0
0
0
0
0
5,0,0,-70/5,0,0,100
0
0
0
0
0
0
0
5,0,0,-90/5,0,0,110
0
0
0
0
0
0
0
5,0,0,-120/4,0,400,400,6,3
0
0
0
0
0
0
0
5,0,0,-80
0
0
0
0
0
0
0
5,0,0,-40
0
0
0
0
0
5,0,1,-80
5,0,1,-50
5,0,1,-30
0
0
0
0
0
0
0
0
0
0
0
0
0
0
0
5,0,0,-60/5,0,0,120
0
0
0
0
0
0
0
5,0,0,-70
0
0
0
0
0
5,0,1,0
5,0,1,30
5,0,1,50
0
0
0
0
0
0
0
5,0,0,-50
0
0
0
0
0
5,0,1,50
5,0,1,80
5,0,1,100/5,0,0,-100
0
0
0
0
0
0
0
5,0,0,0
0
0
0
0
0
5,0,1,-60
5,0,1,-90
5,0,1,-110/5,0,0,120
0
0
0
0
0
0
0
0
0
0
0
0
0
5,0,1,70
5,0,1,100
5,0,1,120/5,0,0,-120
0
0
0
0
0
0
0
0
0
0
0
0
0
0
0
5,0,0,0/4,0,0,0,5.8,3
0
0
0
0
0
0
0
0
0
0
0
0
0
0
0
0
0
0
0
0
0
0
0
0
0
0
0
0
0
0
0
0
0
0
0
0
0
0
0
0
0
0
0
0
0
0
0
0
0
0
0
0
0
0
0
0
0
0
0
0
0
0
0
0
0
0
0
0
0
0
0
0
0
0
0
0
0
0
0
0
0
0
0
0
0
0
0
0
0
0
0
0
0
0
0
0
0
0
0
0
0
0
0
0
0
0
0
0
0
0
0
0
0
0
0
0
0
0
0
0
0
0
0
0
0
0
0
0
1,1,220,0,0,400,600,75,1,2/1,2,-220,0,0,150,600,100,1,2/2,2,-620,0,3,3/5,2,0,0/5,1,0,-150
0
5,1,1,-112.5
0
5,1,1,-75
0
5,1,1,-37.5
0
4,2,0,0,0.3,1/5,1,1,0
0
5,1,1,37.5
0
5,1,1,75
0
5,1,1,112.5
0
1,3,-220,0,0,150,600,100,1,2/2,3,-620,0,3,3/5,3,0,0/5,1,0,150
0
5,1,1,112.5
0
5,1,1,75
0
5,1,1,37.5
0
4,3,0,0,0.3,1/5,1,1,0
0
5,1,1,-37.5
0
5,1,1,-75
0
5,1,1,-112.5
0
1,4,-220,0,0,150,600,100,1,2/2,4,-620,0,3,3/5,4,0,0/5,1,0,-150
0
0
0
0
0
5,1,0,-50
0
4,4,0,0,0.3,1/5,1,0,-50
0
0
0
0
0
0
0
1,5,-220,0,0,150,600,100,1,2/2,5,-620,0,3,3/5,5,0,0/5,1,0,150
0
0
0
5,1,0,75
0
0
0
4,5,0,0,0.3,1/5,1,0,0
0
0
0
5,1,0,-75
0
5,1,1,-45
0
1,6,-220,0,0,150,600,100,1,2/2,6,-620,0,3,3/5,6,0,0/5,1,1,-20
0
0
0
5,1,0,150
0
5,1,1,120
0
4,6,0,0,0.3,1/5,1,1,90
0
5,1,1,60
0
5,1,1,30
0
5,1,1,0
0
1,7,-220,0,0,150,600,100,1,2/2,7,-620,0,3,3/5,7,0,0/5,1,1,-60
0
0
0
5,1,0,120
0
5,1,1,90
0
4,7,0,0,0.3,1/5,1,1,60
0
5,1,1,30
0
5,1,1,0
0
5,1,1,-30
0
1,8,-220,0,0,150,600,100,1,2/2,8,-620,0,3,3/5,8,0,0/5,1,0,-90
0
5,1,1,-60
0
5,1,1,-30
0
5,1,1,0
0
4,8,0,0,0.3,1/5,1,0,-30
0
5,1,1,0
0
5,1,1,30
0
5,1,1,60
0
1,9,-220,0,0,150,600,100,1,2/2,9,-620,0,3,3/5,9,0,0/5,1,0,150
0
0
0
5,1,0,150
0
5,1,1,140
0
4,9,0,0,0.3,1/5,1,0,150
0
0
0
5,1,0,100
0
5,1,1,110
0
1,10,-220,0,0,150,600,100,1,2/2,10,-620,0,3,3/5,10,0,0/5,1,0,120
0
0
0
5,1,1,0
0
5,1,1,60
0
4,10,0,0,0.3,1/5,1,0,120
0
0
0
0
0
0
0
1,11,-220,0,0,150,600,100,1,2/2,11,-620,0,3,3/5,11,0,0/5,1,0,90
0
0
0
0
0
0
0
4,11,0,0,0.3,1/5,1,0,-90
0
5,1,1,-60
0
5,1,1,-30
0
5,1,1,0
0
1,12,-220,0,0,150,600,100,1,2/2,12,-620,0,3,3/5,12,0,0/5,1,0,50
0
0
0
0
0
0
0
4,12,0,0,0.3,1/5,1,0,60
0
0
0
0
0
0
0
1,13,-220,0,0,150,600,100,1,2/2,13,-620,0,3,3/5,13,0,0/5,1,0,120
0
5,1,1,130
0
5,1,0,100
0
5,1,1,110
0
4,13,0,0,0.3,1/5,1,0,80
0
5,1,1,90
0
5,1,0,60
0
5,1,1,70
0
1,14,-220,0,0,150,600,100,1,2/2,14,-620,0,3,3/5,14,0,0/5,1,0,30
0
0
0
5,1,1,-90
0
5,1,1,-80
0
4,14,0,0,0.3,1/5,1,1,-70
0
5,1,1,-60
0
5,1,1,-50
0
5,1,1,-40
0
1,15,-220,0,0,150,600,100,1,2/2,15,-620,0,3,3/5,15,0,0/5,1,0,10
0
0
0
5,1,1,-120
0
5,1,1,-110
0
4,15,0,0,0.3,1/5,1,1,-100
0
5,1,1,-90
0
5,1,1,-80
0
5,1,1,-70
0
1,16,-220,0,0,150,600,100,1,2/2,16,-620,0,3,3/5,16,0,0/3,1,360,2.5,3/5,1,0,0
0
5,1,1,0
0
5,1,1,0
0
5,1,1,0
0
4,16,0,0,0.3,1/5,1,1,0
0
5,1,1,0
0
5,1,1,0
0
5,1,1,0
0
5,1,1,0
0
5,1,1,0
0
5,1,1,0
0
5,1,1,0
0
5,1,1,0
0
5,1,1,0
0
5,1,1,0
0
5,1,1,0
0
5,1,1,0/4,1,0,0,1,1
0
5,1,1,0
0
5,1,1,0
0
5,1,1,0
0
5,1,1,0
0
5,1,1,0
0
5,1,1,0
0
5,1,1,0
0
0
0
0
0
0
0
0
0
0
0
0
0
0
0
0
0
1,17,0,0,0,200,400,50,1,2/5,17,0,0
0
0
0
5,17,0,-50
0
0
0
5,17,0,30
0
0
0
5,17,0,-20
0
0
0
5,17,0,40/5,17,0,-40
0
0
0
5,17,0,30/5,17,0,-30
0
0
0
5,17,0,40/5,17,0,-40
0
0
0
5,17,0,50/5,17,0,-50
0
0
0
5,17,0,60/5,17,0,-60
0
0
0
0
0
0
0
5,17,0,0
0
0
0
5,17,0,20
0
0
0
5,17,0,40/5,17,0,-40
0
0
0
0
0
0
0
5,17,0,50/5,17,0,-50
0
0
0
5,17,0,-20
0
0
0
5,17,0,50/5,17,0,-50
0
0
0
0
0
0
0
5,17,0,30/5,17,0,-30
0
0
0
0
0
0
0
5,17,0,60/5,17,0,-60
0
0
0
0
0
0
0
5,17,0,30
0
0
0
5,17,0,20
0
0
0
5,17,0,10
0
0
0
0
0
0
0
5,17,0,-60
0
0
0
5,17,0,0
0
0
0
1,18,-300,-100,270,100,200,90,1,2/1,19,300,-100,90,100,200,90,1,2/5,18,0,0/5,19,0,0
0
0
0
0
0
0
0
5,18,0,0/5,19,0,0
0
0
0
0
0
0
0
5,17,0,-50/5,17,0,50
0
0
0
5,17,0,30
0
0
0
5,17,0,-60/5,17,0,60
0
0
0
5,17,0,-40
0
0
0
5,17,0,40/5,17,0,-40
0
0
0
5,17,0,30/5,17,0,-30
0
0
0
5,17,0,40/5,17,0,-40
0
0
0
5,17,0,50/5,17,0,-50
0
0
0
5,18,0,0/5,19,0,0
0
0
0
0
0
0
0
5,18,0,0/5,19,0,0
0
0
0
0
0
0
0
5,18,0,0/5,19,0,0
0
0
0
0
0
0
0
5,17,0,30/4,18,0,0,1,1/4,19,0,0,1,1
0
0
0
5,17,0,40
0
0
0
5,17,0,50/5,17,0,-50/4,17,600,400,1,3/2,17,-200,0,1,3
0
0
0
0
0
0
0
5,17,0,40
0
0
0
5,17,0,30
0
0
0
5,17,0,20
0
0
0
0
0
0
0
0
0
0
0
0
0
0
0
1,20,300,0,0,300,400,100,1,2/5,17,0,250/5,20,0,0
0
5,17,1,187.5
0
5,17,1,125
0
5,17,1,62.5
0
5,17,1,0
0
5,17,1,-62.5
0
5,17,1,-125
0
5,17,1,-187.5
0
5,17,0,-250/5,20,0,30
0
5,17,1,-187.5
0
5,17,1,-125
0
5,17,1,-62.5
0
5,17,1,0
0
5,17,1,62.5
0
5,17,1,125/5,20,0,50
0
5,17,1,187.5
0
5,17,0,250/5,20,0,30
0
5,17,1,187.5
0
5,17,1,125
0
5,17,1,62.5
0
5,17,1,0
0
5,17,1,-62.5
0
5,17,1,-125
0
5,17,1,-187.5
0
5,17,0,-250/5,20,0,70
0
5,17,1,-187.5
0
5,17,1,-125
0
5,17,1,-62.5
0
5,17,1,0/5,20,0,40
0
5,17,1,62.5
0
5,17,1,125
0
5,17,1,187.5
0
5,17,0,250/5,20,0,60
0
5,17,1,187.5
0
5,17,1,125
0
5,17,1,62.5
0
5,17,1,0/5,20,0,40
0
5,17,1,-62.5
0
5,17,1,-125
0
5,17,1,-187.5
0
5,17,0,-250/5,20,0,20
0
5,17,1,-187.5
0
5,17,1,-125
0
5,17,1,-62.5
0
5,17,1,0/5,20,0,0
0
5,17,1,62.5
0
5,17,1,125
0
5,17,1,187.5
0
5,17,0,250/5,20,0,-40
0
5,17,1,187.5
0
5,17,1,125
0
5,17,1,62.5
0
5,17,1,0
0
5,17,1,-62.5
0
5,17,1,-125
0
5,17,1,-187.5
0
5,17,0,-250/5,20,0,20
0
5,17,1,-187.5
0
5,17,1,-125/5,20,1,10
0
5,17,1,-62.5/5,20,1,20
0
5,17,1,0/5,20,1,40
0
5,17,1,62.5
0
5,17,1,125
0
5,17,1,187.5
0
5,17,0,250/5,20,0,0
0
5,17,1,187.5
0
5,17,1,125
0
5,17,1,62.5
0
5,17,1,0
0
5,17,1,-62.5
0
5,17,1,-125
0
5,17,1,-187.5
0
5,17,0,-250/5,20,0,30
0
5,17,1,-187.5
0
5,17,1,-125
0
5,17,1,-62.5
0
5,17,1,0
0
5,17,1,62.5
0
5,17,1,125/5,20,0,50
0
5,17,1,187.5
0
5,17,0,250/5,20,0,30
0
5,17,1,187.5
0
5,17,1,125
0
5,17,1,62.5
0
5,17,1,0/5,20,0,70
0
5,17,1,-62.5
0
5,17,1,-125
0
5,17,1,-187.5
0
5,17,0,-250/5,20,0,50
0
5,17,1,-187.5
0
5,17,1,-125
0
5,17,1,-62.5
0
5,17,1,0/5,20,0,30
0
5,17,1,62.5
0
5,17,1,125
0
5,17,1,187.5
0
5,17,0,250/5,20,0,0
0
5,17,1,187.5
0
5,17,1,125
0
5,17,1,62.5
0
5,17,1,0/5,20,0,-30
0
5,17,1,-62.5
0
5,17,1,-125
0
5,17,1,-187.5
0
5,17,0,-250/5,20,0,-60
0
5,17,1,-187.5
0
5,17,1,-125
0
5,17,1,-62.5
0
5,17,1,0/5,20,0,-80
0
5,17,1,62.5
0
5,17,1,125
0
5,17,1,187.5
0
5,17,0,250/5,20,0,-30
0
5,17,1,187.5
0
5,17,1,125
0
5,17,1,62.5
0
5,17,0,0
0
0
0
5,17,0,-125
0
0
0
5,17,0,-250
0
0
0
5,17,0,-125
0
5,17,0,-62.5
0
5,17,0,0
0
5,17,1,0
0
5,17,1,0
0
0
0
5,17,0,250/5,20,0,0
0
5,17,1,187.5
0
5,17,1,125
0
5,17,1,62.5
0
5,17,1,0
0
5,17,1,-62.5
0
5,17,1,-125
0
5,17,1,-187.5
0
5,17,0,-250/5,20,0,30
0
5,17,1,-187.5
0
5,17,1,-125
0
5,17,1,-62.5
0
5,17,1,0
0
5,17,1,62.5
0
5,17,1,125/5,20,0,50
0
5,17,1,187.5
0
5,17,0,250/5,20,0,30
0
5,17,1,187.5
0
5,17,1,125
0
5,17,1,62.5
0
5,17,1,0
0
5,17,1,-62.5
0
5,17,1,-125
0
5,17,1,-187.5
0
5,17,0,-250/5,20,0,70
0
5,17,1,-187.5
0
5,17,1,-125
0
5,17,1,-62.5
0
5,17,1,0/5,20,0,40
0
5,17,1,62.5
0
5,17,1,125
0
5,17,1,187.5
0
5,17,0,250/5,20,0,60
0
5,17,1,187.5
0
5,17,1,125
0
5,17,1,62.5
0
5,17,1,0/5,20,0,40
0
5,17,1,-62.5
0
5,17,1,-125
0
5,17,1,-187.5
0
5,17,0,-250/5,20,0,20
0
5,17,1,-187.5
0
5,17,1,-125
0
5,17,1,-62.5
0
5,17,1,0/5,20,0,0
0
5,17,1,62.5
0
5,17,1,125
0
5,17,1,187.5
0
5,17,0,250/5,20,0,-40
0
5,17,1,187.5
0
5,17,1,125
0
5,17,1,62.5
0
5,17,1,0
0
5,17,1,-62.5
0
5,17,1,-125
0
5,17,1,-187.5
0
5,17,0,-250/5,20,0,20
0
5,17,1,-187.5
0
5,17,1,-125/5,20,1,10
0
5,17,1,-62.5/5,20,1,20
0
5,17,1,0/5,20,1,40
0
5,17,1,62.5
0
5,17,1,125
0
5,17,1,187.5
0
5,17,0,250/5,20,0,0
0
5,17,1,187.5
0
5,17,1,125
0
5,17,1,62.5
0
5,17,1,0
0
5,17,1,-62.5
0
5,17,1,-125
0
5,17,1,-187.5
0
5,17,0,-250/5,20,0,30
0
5,17,1,-187.5
0
5,17,1,-125
0
5,17,1,-62.5
0
5,17,1,0
0
5,17,1,62.5
0
5,17,1,125/5,20,0,50
0
5,17,1,187.5
0
5,17,0,250/5,20,0,30
0
5,17,1,187.5
0
5,17,1,125
0
5,17,1,62.5
0
5,17,1,0/5,20,0,70
0
5,17,1,-62.5
0
5,17,1,-125
0
5,17,1,-187.5
0
5,17,0,-250/5,20,0,50
0
5,17,1,-187.5
0
5,17,1,-125
0
5,17,1,-62.5
0
5,17,1,0/5,20,0,30
0
5,17,1,62.5
0
5,17,1,125
0
5,17,1,187.5
0
5,17,0,250/5,20,0,0
0
5,17,1,187.5
0
5,17,1,125
0
5,17,1,62.5
0
5,17,1,0/5,20,0,-30
0
5,17,1,-62.5
0
5,17,1,-125
0
5,17,1,-187.5
0
5,17,0,-250/5,20,0,-60
0
5,17,1,-187.5
0
5,17,1,-125
0
5,17,1,-62.5
0
5,17,1,0/5,20,0,-80
0
5,17,1,62.5
0
5,17,1,125
0
5,17,1,187.5
0
5,20,0,0/4,17,0,0,0.5,1/2,20,0,0,2.5,3
0
0
0
0
0
0
0
5,20,0,0
0
0
0
0
0
0
0
5,20,0,0
0
0
0
0
0
0
0
5,20,0,0
0
0
0
0
0
0
0
5,20,0,0
0
0
0
0
0
0
0
5,20,0,0
0
0
0
0
0
0
0
5,20,0,0
0
0
0
0
0
0
0
5,20,0,0
0
0
0
0
0
0
0
5,20,0,-75/5,20,0,75/4,20,400,600,2,3
0
0
0
5,20,0,50
0
0
0
5,20,0,-75/5,20,0,75
0
0
0
5,20,0,-50
0
0
0
5,20,0,-75/5,20,0,75
0
0
0
5,20,0,50
0
0
0
5,20,0,-75/5,20,0,75
0
0
0
5,20,0,-50
0
0
0
5,20,0,50
0
5,20,0,-50
0
5,20,0,50
0
5,20,0,-50
0
5,20,0,50
0
5,20,0,-50
0
5,20,0,50
0
5,20,0,-50
0
5,20,0,0
5,20,1,55
5,20,1,100
5,20,1,130
5,20,1,144
5,20,1,130
5,20,1,100
5,20,1,55
5,20,1,0
0
0
0
0
0
0
0
5,20,0,0/3,20,-360,3.5,3/4,20,700,700,3.2,3
5,20,1,0
5,20,1,0
5,20,1,0
5,20,1,0
5,20,1,0
5,20,1,0
5,20,1,0
5,20,1,0
5,20,1,0
5,20,1,0
5,20,1,0
5,20,1,0
5,20,1,0
5,20,1,0
5,20,1,0
5,20,1,0
5,20,1,0
5,20,1,0
5,20,1,0
5,20,1,0
5,20,1,0
5,20,1,0
5,20,1,0
5,20,1,0
5,20,1,0
5,20,1,0
5,20,1,0
5,20,1,0
5,20,1,0
5,20,1,0
5,20,1,0
5,20,1,0
5,20,1,0
5,20,1,0
5,20,1,0
5,20,1,0
5,20,1,0
5,20,1,0
5,20,1,0
5,20,1,0
5,20,1,0
5,20,1,0
5,20,1,0
5,20,1,0
5,20,1,0
5,20,1,0
5,20,1,0
5,20,1,0
5,20,1,0
5,20,1,0
5,20,1,0
5,20,1,0
5,20,1,0
5,20,1,0
5,20,1,0
5,20,1,0
5,20,1,0
5,20,1,0
5,20,1,0
5,20,1,0
5,20,1,0
5,20,1,0
5,20,1,0
4,20,0,0,2.8,3
0
0
0
0
0
0
0
0
0
0
0
0
0
0
0
0
0
0
0
0
0
0
0
0
0
0
0
0
0
0
0
0
0
0
0
0
0
0
0
0
0
0
0
0
0
0
0
0
0
0
0
0
0
0
0
0
0
0
0
0
0
0
0
1,21,200,200,0,200,200,50,1,2/1,22,-200,200,0,200,200,50,1,2/5,21,1,70/5,22,1,-70
5,21,1,35/5,22,1,-35
5,21,1,0/5,22,1,0
5,21,1,-35/5,22,1,35
5,21,1,-70/5,22,1,70/4,21,0,0,0.5,1/4,22,0,0,0.5,1
0
0
0
1,23,200,0,0,200,200,50,1,2/1,24,-200,0,0,200,200,50,1,2/5,23,1,-70/5,24,1,70
5,23,1,-35/5,24,1,35
5,23,1,0/5,24,1,0
5,23,1,35/5,24,1,-35
5,23,1,70/5,24,1,-70/4,23,0,0,0.5,1/4,24,0,0,0.5,1
0
0
0
1,25,0,0,0,100,700,80,0.75,2/5,25,0,0
0
5,25,1,0
0
5,25,1,0
0
0
0
4,25,0,0,0.5,1/1,26,200,-200,0,200,200,75,1,2/1,27,-200,-200,0,200,200,75,1,2/5,26,0,0/5,27,0,0
0
0
0
5,26,0,0
0
5,27,0,0
0
0
0
5,27,0,0
0
5,26,0,0
0
0
0
1,28,0,200,0,1000,200,100,1,2/5,28,1,350/5,28,1,-350/4,26,0,0,0.5,1/4,27,0,0,0.5,1
5,28,1,300/5,28,1,-300
5,28,1,250/5,28,1,-250
5,28,1,200/5,28,1,-200
5,28,1,150/5,28,1,-150
5,28,1,100/5,28,1,-100
5,28,1,75/5,28,1,-75
0
5,28,1,75/5,28,1,-75
5,28,1,100/5,28,1,-100
5,28,1,150/5,28,1,-150
5,28,1,200/5,28,1,-200
5,28,1,250/5,28,1,-250
5,28,1,300/5,28,1,-300
5,28,1,350/5,28,1,-350
0
4,28,0,0,0.5,1/5,28,0,150/5,28,0,-150
5,28,1,150/5,28,1,-150
5,28,1,150/5,28,1,-150
0
0
0
0
0
1,29,-300,0,0,200,200,100,1,2/1,30,0,0,0,200,200,100,1,2/1,31,300,0,0,200,200,100,1,2/5,31,1,50
5,31,1,0
5,31,1,-50
0
5,30,1,50
5,30,1,0
5,30,1,-50
0
5,29,1,-50
5,29,1,-25
5,29,1,0
5,29,1,25
5,29,1,50/4,29,0,0,0.5,1/4,30,0,0,0.5,1/4,31,0,0,0.5,1
0
0
0
1,32,-300,-250,0,400,200,100,1,2/1,33,300,-250,0,400,200,100,1,2/5,33,0,0/5,32,0,0
0
0
0
5,33,0,0
0
0
0
5,32,0,0/4,32,0,0,0.5,1
0
0
0
5,33,1,-100
5,33,1,-60
5,33,1,-25
5,33,1,5
5,33,1,30
5,33,1,40
5,33,1,46
5,33,1,48.5
5,33,1,50/4,33,0,0,0.5,1/1,34,-300,250,270,200,200,100,1,2/5,34,0,0
0
0
0
1,35,-300,0,270,250,200,100,1,2/5,35,0,0/4,34,0,0,0.5,1
0
0
0
5,35,0,0
5,35,1,20
5,35,1,40
5,35,1,60/4,35,0,0,0.5,1
1,36,200,200,0,300,300,100,1,2/5,36,0,50
0
0
0
5,36,0,0
0
5,36,0,100
0
0
0
5,36,0,75/4,36,0,0,0.5,1
0
5,36,0,-25
5,36,1,-25
5,36,1,-25
0
1,37,-300,-200,0,200,200,100,1,2/1,38,0,-200,0,200,200,100,1,2/1,39,300,-200,0,200,200,100,1,2/5,37,1,-50
5,37,1,0
5,37,1,50/4,37,0,0,0.3,1
0
0
0
5,38,1,-50
5,38,1,0
5,38,1,50/4,38,0,0,0.3,1
0
0
0
5,39,1,50
5,39,1,25
5,39,1,0/4,39,0,0,0.3,1
0
1,40,0,100,0,100,300,80,0.75,2/5,40,0,0
0
5,40,0,0
0
5,40,0,0
0
0
0
4,40,0,0,0.5,1/1,41,300,-200,0,100,200,75,1,2/1,42,-300,-200,0,100,200,75,1,2/5,41,0,0/5,42,0,0
0
0
0
5,41,0,0
0
5,42,0,0
0
0
0
5,42,0,0
0
5,41,0,0
0
0
0
1,43,-300,200,0,400,200,100,1,2/1,44,300,200,0,400,200,100,1,2/5,44,1,150/5,43,1,-150/4,41,0,0,0.5,1/4,42,0,0,0.5,1
5,44,1,100/5,43,1,-100
5,44,1,50/5,43,1,-50
5,44,1,0/5,43,1,0
5,44,1,-50/5,43,1,50
5,44,1,-100/5,43,1,100
5,44,1,-125/5,43,1,125
0
5,44,1,-125/5,43,1,125
5,44,1,-100/5,43,1,100
5,44,1,-50/5,43,1,50
5,44,1,0/5,43,1,0
5,44,1,50/5,43,1,-50
5,44,1,100/5,43,1,-100
5,44,1,150/5,43,1,-150
0
4,43,0,0,0.5,1/4,44,0,0,0.5,1/5,44,0,50/5,43,0,-50
5,44,1,20/5,43,1,-20
5,44,1,-10/5,43,1,10
0
0
0
0
0
1,45,0,-200,0,1000,200,100,1,2/5,45,1,-300/5,45,1,300
0
5,45,1,-200/5,45,1,200
0
5,45,1,-300/5,45,1,300/4,45,0,0,0.5,1
0
0
0
1,46,0,100,0,250,400,60,1,2/5,46,0,60/5,46,0,-60
0
0
0
5,46,0,0
0
5,46,0,0
0
5,46,0,0
0
0
0
5,46,0,50/5,46,0,-50
0
0
0
5,46,0,0
0
0
0
5,46,0,70/5,46,0,-70/4,46,0,0,0.5,1
0
0
0
0
0
0
0
1,47,-300,0,0,100,600,80,1,2/1,48,300,0,0,100,600,80,1,2/5,47,0,0/5,48,0,0
0
5,47,1,0/5,48,1,0
0
5,47,1,0/5,48,1,0
0
5,47,1,0/5,48,1,0
0
5,47,1,0/5,48,1,0
0
5,47,1,0/5,48,1,0
0
5,47,0,0/5,48,0,0
0
0
0
5,47,0,0/5,48,0,0
0
0
0
5,47,0,0/5,48,0,0/4,47,0,0,0.5,1/4,48,0,0,0.5,1
0
5,47,1,0/5,48,1,0
0
5,47,1,0/5,48,1,0
0
0
0
1,49,0,0,0,400,400,100,1,2/5,49,1,120
5,49,1,50
5,49,1,0
5,49,1,-40
5,49,1,-70
5,49,1,-90
5,49,1,-100
5,49,1,-112
5,49,1,-120/4,49,800,400,0.5,1
5,49,1,-70
5,49,1,-30
5,49,1,0
5,49,1,15
5,49,1,20
5,49,1,24
5,49,1,27.5
5,49,0,-130
0
5,49,0,130/2,49,0,-150,1,3
0
5,49,0,-130
0
0
0
5,49,0,-100
0
5,49,0,-100
0
5,49,0,150
0
5,49,0,-60
0
0
0
5,49,0,-120
0
5,49,0,120
0
0
0
5,49,1,200/5,49,1,-200
5,49,1,183.33/5,49,1,-183.33
5,49,1,166.66/5,49,1,-166.66
5,49,1,150/5,49,1,-150
5,49,1,133.33/5,49,1,-133.33
5,49,1,116.66/5,49,1,-116.66
5,49,1,100/5,49,1,-100
0
5,49,1,100/5,49,1,-100
5,49,1,116.66/5,49,1,-116.66
5,49,1,133.33/5,49,1,-133.33
5,49,1,150/5,49,1,-150
5,49,1,166.66/5,49,1,-166.66
5,49,1,183.33/5,49,1,-183.33
5,49,1,200/5,49,1,-200/4,49,0,0,0.3,1
0
0
0
0
0
0
0
0
0
1,50,0,200,0,800,200,100,1,2/5,50,1,0
5,50,1,-60/5,50,1,60
5,50,1,-100/5,50,1,100
5,50,1,-130/5,50,1,130
5,50,1,-150/5,50,1,150
5,50,1,-160/5,50,1,160
0
0
5,50,1,-160/5,50,1,160/4,50,0,0,0.5,1
5,50,1,-150/5,50,1,150
5,50,1,-130/5,50,1,130
5,50,1,-100/5,50,1,100
5,50,1,-60/5,50,1,60
5,50,1,0
0
0
1,51,-300,-250,0,400,200,100,1,2/1,52,300,-250,0,400,200,100,1,2/5,52,0,0/5,51,0,0
0
0
0
5,52,0,0
0
0
0
5,51,0,0/4,51,0,0,0.5,1
0
0
0
5,52,1,-100
5,52,1,-60
5,52,1,-25
5,52,1,5
5,52,1,30
5,52,1,40
5,52,1,46
5,52,1,48.5
5,52,1,50/4,52,0,0,0.5,1/1,53,-300,250,270,200,200,100,1,2/5,53,0,0
0
0
0
1,54,-300,0,270,250,200,100,1,2/5,54,0,0/4,53,0,0,0.5,1
0
0
0
5,54,0,0
5,54,1,20
5,54,1,40
5,54,1,60/4,54,0,0,0.5,1
1,55,200,200,0,300,300,100,1,2/5,55,0,50
0
0
0
5,55,0,0
0
5,55,0,100
0
0
0
5,55,0,75/4,55,0,0,0.5,1
0
5,55,0,-25
5,55,1,-25
5,55,1,-25
0
1,56,-300,-200,0,200,200,100,1,2/1,57,0,-200,0,200,200,100,1,2/1,58,300,-200,0,200,200,100,1,2/5,56,1,-50
5,56,1,0
5,56,1,50/4,56,0,0,0.3,1
0
0
0
5,57,1,-50
5,57,1,0
5,57,1,50/4,57,0,0,0.3,1
0
0
0
5,58,1,50
5,58,1,25
5,58,1,0/4,58,0,0,0.3,1
0
1,59,0,100,0,100,300,80,0.75,2/5,59,0,0
0
5,59,0,0
0
5,59,0,0
0
0
0
4,59,0,0,0.5,1/1,60,300,-200,0,100,200,75,1,2/1,61,-300,-200,0,100,200,75,1,2/5,60,0,0/5,61,0,0
0
0
0
5,60,0,0
0
5,61,0,0
0
0
0
5,61,0,0
0
5,60,0,0
0
0
0
1,62,-300,200,0,400,200,100,1,2/1,63,300,200,0,400,200,100,1,2/5,63,1,150/5,62,1,-150/4,60,0,0,0.5,1/4,61,0,0,0.5,1
5,63,1,100/5,62,1,-100
5,63,1,50/5,62,1,-50
5,63,1,0/5,62,1,0
5,63,1,-50/5,62,1,50
5,63,1,-100/5,62,1,100
5,63,1,-125/5,62,1,125
0
5,63,1,-125/5,62,1,125
5,63,1,-100/5,62,1,100
5,63,1,-50/5,62,1,50
5,63,1,0/5,62,1,0
5,63,1,50/5,62,1,-50
5,63,1,100/5,62,1,-100
5,63,1,150/5,62,1,-150
0
4,62,0,0,0.5,1/4,63,0,0,0.5,1/5,63,0,50/5,62,0,-50
5,63,1,20/5,62,1,-20
5,63,1,-10/5,62,1,10
0
0
0
0
0
1,64,0,0,0,190,400,60,1,2/5,64,0,60/5,64,0,-60
0
0
0
0
0
0
0
5,64,0,0
0
0
0
5,64,0,60/5,64,0,-60
0
0
0
5,64,0,40/5,64,0,-40
0
0
0
5,64,0,50/5,64,0,-50
0
0
0
5,64,0,0
0
5,64,1,0
0
5,64,1,50/4,64,0,0,0.5,1
0
0
0
0
0
0
0
1,65,-300,0,0,100,600,80,1,2/1,66,300,0,0,100,600,80,1,2/5,65,0,0/5,66,0,0
0
5,65,1,0/5,66,1,0
0
5,65,1,0/5,66,1,0
0
5,65,1,0/5,66,1,0
0
5,65,1,0/5,66,1,0/2,65,-450,0,1,3/2,66,450,0,1,3
0
5,65,1,0/5,66,1,0
0
5,65,0,0/5,66,0,0
0
5,65,1,0/5,66,1,0
0
5,65,1,0/5,66,1,0
0
5,65,1,0/5,66,1,0
0
5,65,1,0/5,66,1,0
0
4,65,0,0,0.5,1/4,66,0,0,0.5,1/5,65,1,0/5,66,1,0
0
5,65,1,0/5,66,1,0
0
0
0
1,67,0,0,0,400,400,80,1,2/5,67,0,120/5,67,0,-120
0
0
0
0
0
0
0
5,67,0,120/5,67,0,-120
0
5,67,1,60
0
5,67,1,0
0
5,67,1,-60
0
5,67,0,120/5,67,0,-120
0
0
0
0
0
0
0
5,67,0,120/5,67,0,-120
0
0
0
0
0
0
0
5,67,0,80/4,67,800,400,6,3
0
0
0
0
0
0
0
5,67,0,120/5,67,0,-120
0
5,67,1,100
0
5,67,1,90
0
5,67,1,100
0
5,67,0,120
0
0
0
0
0
0
0
5,67,0,140/5,67,0,-80
0
0
0
0
0
0
0
5,67,0,110/5,67,0,-110
0
0
0
0
0
0
0
5,67,0,60
0
0
0
5,67,1,60
0
5,67,1,80
0
5,67,0,100
0
0
0
0
0
0
0
5,67,0,110
0
0
0
0
0
0
0
5,67,0,90/5,67,0,-90
0
0
0
0
0
0
0
5,67,0,50
0
0
0
0
0
0
0
5,67,0,120
0
5,67,1,135
0
5,67,1,146
0
5,67,1,152
0
5,67,1,155
0
0
0
5,67,0,130
0
0
0
5,67,0,110/5,67,0,-110
0
0
0
0
0
0
0
5,67,0,60
0
0
0
5,67,0,80
0
0
0
5,67,0,100/5,67,0,-100
0
0
0
5,67,0,80
0
0
0
5,67,0,110
0
0
0
5,67,0,150
0
0
00
5,67,0,160/5,67,0,-160
0
0
0
0
0
0
0
0
0
0
0
5,67,1,120
0
5,67,1,90
0
5,67,0,120/5,67,0,-120
0
0
0
5,67,0,140
0
0
0
5,67,0,110/5,67,0,-130
0
0
0
5,67,0,130
0
0
0
5,67,0,100/5,67,0,-140
0
0
0
5,67,0,90
0
0
0
5,67,0,100
0
0
0
5,67,0,120
0
0
0
5,67,0,140/5,67,0,-100
0
0
0
5,67,0,200
0
0
0
5,67,0,160/5,67,0,-80
0
0
0
5,67,0,170
0
0
0
5,67,0,150/5,67,0,-150
0
0
0
0
0
0
0
0
0
0
0
5,67,1,-140
0
5,67,1,-130
0
5,67,0,120/5,67,0,-120
0
0
0
0
0
0
0
5,67,0,100/5,67,0,-140
0
0
0
5,67,0,90
0
0
0
5,67,0,80/5,67,0,-160
0
0
0
5,67,0,120
0
0
0
5,67,0,70
0
0
0
5,67,0,70
0
0
0
0
0
0
0
0
0
0
0
5,67,1,0
0
5,67,1,40
0
5,67,1,80
0
5,67,1,120
0
5,67,0,160/5,67,0,-160
0
0
0
0
0
0
0
5,67,1,160
0
5,67,1,120
0
5,67,1,80
0
5,67,1,40
0
5,67,0,0/5,67,0,-200
0
0
0
0
0
0
0
5,67,0,-100
0
0
0
0
0
0
0
5,67,0,0
5,67,1,60
5,67,1,100
5,67,1,130
5,67,1,144
5,67,1,149
5,67,1,153
5,67,1,155
5,67,1,155
5,67,1,155
5,67,1,155
5,67,1,155
5,67,1,155
5,67,1,155
5,67,1,155
5,67,1,155
5,67,0,0/5,67,1,155
5,67,1,-60/5,67,1,155
5,67,1,-100/5,67,1,155
5,67,1,-130/5,67,1,155
5,67,1,-144/5,67,1,155
5,67,1,-149/5,67,1,155
5,67,1,-153/5,67,1,155
5,67,1,-155/5,67,1,155
5,67,1,-155/5,67,1,155
5,67,1,-155/5,67,1,155
5,67,1,-155/5,67,1,155
5,67,1,-155/5,67,1,155
5,67,1,-155/5,67,1,155
5,67,1,-155/5,67,1,155
5,67,1,-155/5,67,1,155
5,67,1,-155/5,67,1,155
00
0
0
0
0
0
0
0
0
0
0
0
0
0
0
0
5,67,0,0
0
5,67,1,37.5
0
5,67,1,75
0
5,67,1,112.5
0
5,67,1,150
0
5,67,1,187.5
0
5,67,1,225
0
5,67,1,262.5
0
5,67,0,300
0
5,67,1,262.5
0
5,67,1,225
0
5,67,1,187.5
0
5,67,1,150
0
5,67,1,112.5
0
5,67,1,75
0
5,67,1,37.5
0
5,67,0,0/5,67,0,-300
0
5,67,1,-262.5
0
5,67,1,-225
0
5,67,1,-187.5
0
5,67,1,-150
0
5,67,1,-112.5
0
5,67,1,-75
0
5,67,1,-37.5
0
5,67,0,0/5,67,0,300
0
5,67,1,262.5
0
5,67,1,225
0
5,67,1,187.5
0
5,67,1,150
0
5,67,1,112.5
0
5,67,1,75
0
5,67,1,37.5
0
5,67,0,0
0
5,67,1,37.5/5,67,1,-37.5
0
5,67,1,75/5,67,1,-75
0
5,67,1,112.5/5,67,1,-112.5
0
5,67,1,150/5,67,1,-150
0
5,67,1,187.5/5,67,1,-187.5
0
5,67,1,225/5,67,1,-225
0
5,67,1,262.5/5,67,1,-262.5
0
5,67,0,300/5,67,0,-300
0
5,67,1,262.5/5,67,1,-262.5
0
5,67,1,225/5,67,1,-225
0
5,67,1,187.5/5,67,1,-187.5
0
5,67,1,150/5,67,1,-150
0
5,67,1,112.5/5,67,1,-112.5
0
5,67,1,75/5,67,1,-75
0
5,67,1,37.5/5,67,1,-37.5
0
5,67,0,0
0
5,67,1,-37.5
0
5,67,1,-75
0
5,67,1,-112.5
0
5,67,1,-150
0
5,67,1,-187.5
0
5,67,1,-225
0
5,67,1,-262.5
0
5,67,0,-300
0
5,67,0,-200
0
5,67,0,-237.5
0
5,67,0,-137.5
0
5,67,0,-175
0
5,67,0,-75
0
5,67,0,-112.5
0
5,67,0,-12.5
0
5,67,0,-50
0
5,67,0,50
0
5,67,0,12.5
0
5,67,0,112.5
0
5,67,0,75
0
5,67,0,175
0
5,67,0,137.5
0
5,67,0,237.5
0
5,67,0,300
0
5,67,0,200
0
5,67,0,237.5
0
5,67,0,137.5
0
5,67,0,175
0
5,67,0,75
0
5,67,0,112.5
0
5,67,0,12.5
0
5,67,0,50
0
5,67,0,-50
0
5,67,0,-12.5
0
5,67,0,-112.5
0
5,67,0,-75
0
5,67,0,-175
0
5,67,0,-137.5
0
5,67,0,-237.5
0
5,67,0,00
0
5,67,1,50/5,67,1,-50
0
5,67,1,100/5,67,1,-100
0
5,67,1,140/5,67,1,-140
0
5,67,1,170/5,67,1,-170
0
5,67,1,187/5,67,1,-187
0
5,67,1,193/5,67,1,-193
0
5,67,1,197/5,67,1,-197
0
5,67,1,200/5,67,1,-200
0
5,67,1,200/5,67,1,-200
0
5,67,1,200/5,67,1,-200
0
5,67,1,200/5,67,1,-200
0
5,67,1,200/5,67,1,-200
0
5,67,1,200/5,67,1,-200
0
5,67,1,200/5,67,1,-200
0
5,67,1,200/5,67,1,-200
0
5,67,1,200/5,67,1,-200
0
5,67,1,200/5,67,1,-200
0
5,67,1,200/5,67,1,-200
0
5,67,1,200/5,67,1,-200
0
5,67,1,200/5,67,1,-200
0
5,67,1,200/5,67,1,-200
0
5,67,1,200/5,67,1,-200
0
5,67,1,200/5,67,1,-200
0
5,67,1,200/5,67,1,-200
0
5,67,1,200/5,67,1,-200
0
5,67,1,200/5,67,1,-200
0
5,67,1,200/5,67,1,-200
0
5,67,1,200/5,67,1,-200
0
5,67,1,200/5,67,1,-200
0
5,67,1,200/5,67,1,-200
0
5,67,1,200/5,67,1,-200
0
5,67,0,200/5,67,1,-200/4,67,800,300,8,3
0
5,67,1,200/5,67,1,-200
0
5,67,1,200/5,67,1,-200
0
5,67,1,200/5,67,1,-200
0
5,67,1,200/5,67,0,-200
0
5,67,1,200/5,67,1,-200
0
5,67,1,200/5,67,1,-200
0
5,67,1,200/5,67,1,-200
0
5,67,0,200/5,67,1,-200
0
5,67,1,200/5,67,1,-200
0
5,67,1,200/5,67,1,-200
0
5,67,1,200/5,67,1,-200
0
5,67,1,200/5,67,0,-200
0
5,67,1,200/5,67,1,-200
0
5,67,1,200/5,67,1,-200
0
5,67,1,200/5,67,1,-200
0
5,67,0,200/5,67,1,-200
0
5,67,1,200/5,67,1,-200
0
5,67,1,200/5,67,1,-200
0
5,67,1,200/5,67,1,-200
0
5,67,1,200/5,67,0,-200
0
5,67,1,200/5,67,1,-200
0
5,67,1,200/5,67,1,-200
0
5,67,1,200/5,67,1,-200
0
5,67,0,200/5,67,1,-200
0
5,67,1,200/5,67,1,-200
0
5,67,1,200/5,67,1,-200
0
5,67,1,200/5,67,1,-200
0
5,67,1,200/5,67,0,-200
0
5,67,1,200/5,67,1,-200
0
5,67,1,200/5,67,1,-200
0
5,67,1,200/5,67,1,-200
0
05,67,0,200/5,67,1,-200
0
5,67,1,200/5,67,1,-200
0
5,67,1,200/5,67,1,-200
0
5,67,1,200/5,67,1,-200
0
5,67,1,200/5,67,0,-200
0
5,67,1,200/5,67,1,-200
0
5,67,1,200/5,67,1,-200
0
5,67,1,200/5,67,1,-200
0
5,67,0,200/5,67,1,-200
0
5,67,1,200/5,67,1,-200
0
5,67,1,200/5,67,1,-200
0
5,67,1,200/5,67,1,-200
0
5,67,1,200/5,67,0,-200
0
5,67,1,200/5,67,1,-200
0
5,67,1,200/5,67,1,-200
0
5,67,1,200/5,67,1,-200
0
5,67,0,200/5,67,1,-200
0
5,67,1,200/5,67,1,-200
0
5,67,1,200/5,67,1,-200
0
5,67,1,200/5,67,1,-200
0
5,67,1,200/5,67,0,-200
0
5,67,1,200/5,67,1,-200
0
5,67,1,200/5,67,1,-200
0
5,67,1,200/5,67,1,-200
0
5,67,0,200/5,67,1,-200
0
5,67,1,200/5,67,1,-200
0
5,67,1,200/5,67,1,-200
0
5,67,1,200/5,67,1,-200
0
5,67,1,200/5,67,0,-200
0
5,67,1,200/5,67,1,-200
0
5,67,1,200/5,67,1,-200
0
5,67,1,200/5,67,1,-200
0
05,67,0,200/5,67,1,-200
0
5,67,1,200/5,67,1,-200
0
5,67,0,200/5,67,1,-200
0
5,67,1,200/5,67,1,-200
0
5,67,1,200/5,67,0,-200
0
5,67,1,200/5,67,1,-200
0
5,67,1,200/5,67,0,-200
0
5,67,1,200/5,67,1,-200
0
5,67,0,200/5,67,1,-200
0
5,67,1,200/5,67,1,-200
0
5,67,0,200/5,67,1,-200
0
5,67,1,200/5,67,1,-200
0
5,67,1,200/5,67,0,-200
0
5,67,1,200/5,67,1,-200
0
5,67,1,200/5,67,0,-200
0
5,67,1,200/5,67,1,-200
0
5,67,0,200/5,67,1,-200
0
5,67,1,200/5,67,1,-200
0
5,67,0,200/5,67,1,-200
0
5,67,1,200/5,67,1,-200
0
5,67,1,200/5,67,0,-200
0
5,67,1,200/5,67,1,-200
0
5,67,1,200/5,67,0,-200
0
5,67,1,200/5,67,1,-200
0
5,67,0,200/5,67,1,-200
0
5,67,1,200/5,67,1,-200
0
5,67,0,200/5,67,1,-200
0
5,67,1,200/5,67,1,-200
0
5,67,1,200/5,67,0,-200
0
5,67,1,200/5,67,1,-200
0
5,67,1,200/5,67,0,-200
0
5,67,1,200/5,67,1,-200
0
05,67,0,200/5,67,1,-200
0
5,67,1,200/5,67,1,-200
0
5,67,1,200/5,67,0,-200
0
5,67,1,200/5,67,1,-200
0
5,67,0,200/5,67,1,-200
0
5,67,1,200/5,67,1,-200
0
5,67,1,200/5,67,0,-200
0
5,67,1,200/5,67,1,-200
0
05,67,0,200/5,67,1,-200
0
5,67,1,200/5,67,0,-200
0
5,67,0,200/5,67,1,-200
0
5,67,1,200/5,67,0,-200
0
5,67,0,200/5,67,1,-200
0
5,67,1,200/5,67,0,-200
0
5,67,0,180/5,67,1,-180
0
5,67,1,160/5,67,0,-160
0
05,67,0,120/5,67,0,-120/4,67,0,0,0.3,1
0
0
0
0
0
0
0
0
0
0
0
0
0
0
0
0
0
0
0
0
0
0
0
0
0
0
0
0
0
0
0
01,68,-400,0,0,80,700,50,0.7,2/5,68,0,0
5,68,1,0
1,69,-300,0,0,80,700,50,0.7,2/5,68,1,0
5,68,1,0
1,70,-200,0,0,80,700,50,0.7,2/5,68,1,0
0
1,71,-100,0,0,80,700,50,0.7,2
0
1,72,0,0,0,80,700,50,0.7,2/5,68,0,0/5,69,0,0
0
1,73,100,0,0,80,700,50,0.7,2
0
1,74,200,0,0,80,700,50,0.7,2/5,69,0,0
0
1,75,300,0,0,80,700,50,0.7,2
0
1,76,400,0,0,80,700,50,0.7,2/5,68,0,0/5,70,0,0
0
0
0
5,70,0,0
0
0
0
5,68,0,0/5,71,0,0
0
0
0
5,71,0,0
0
0
0
5,68,0,0/5,72,0,0
0
0
0
5,72,0,0
0
0
0
5,68,0,0/5,73,0,0
0
0
0
5,73,0,0
0
0
0
5,68,0,0/5,74,0,0
0
0
0
5,74,0,0
0
0
2,68,400,0,0.3,3/2,69,300,0,0.3,3/2,70,200,0,0.3,3/2,71,100,0,0.3,3/2,73,-100,0,0.3,3/2,74,-200,0,0.3,3/2,75,-300,0,0.3,3/2,76,-400,0,0.3,3
00
0
0
0
0
0
0
0
05,68,0,0
5,68,1,0
5,68,1,0
5,68,1,0
5,68,1,0
0
0
0
5,68,0,0/5,69,0,0
0
0
0
5,69,0,0
0
0
0
5,68,0,0/5,70,0,0
0
0
0
5,70,0,0
0
0
0
5,68,0,0/5,71,0,0
0
0
0
5,71,0,0
0
0
0
5,68,0,0/5,72,0,0
0
0
0
5,72,0,0
0
0
0
5,68,0,0/5,73,0,0
0
0
0
5,73,0,0
0
0
0
5,68,0,0/5,74,0,0
0
0
0
5,74,0,0
0
0
2,68,-400,0,0.3,3/2,69,-300,0,0.3,3/2,70,-200,0,0.3,3/2,71,-100,0,0.3,3/2,73,100,0,0.3,3/2,74,200,0,0.3,3/2,75,300,0,0.3,3/2,76,400,0,0.3,3
00
0
0
0
0
0
0
0
5,68,0,0
5,70,1,0
5,72,1,0
5,74,1,0
5,76,1,0
0
0
0
5,69,0,0
0
0
0
5,69,0,0
0
0
0
5,68,0,0/5,70,0,0
0
0
0
5,70,0,0
0
0
0
5,71,0,0
0
0
0
5,71,0,0
0
0
0
5,68,0,0/5,72,0,0
0
0
0
5,72,0,0
0
0
0
5,73,0,0
0
0
0
5,73,0,0
0
0
0
5,68,0,0/5,74,0,0
0
0
0
5,74,0,0
0
0
2,68,400,0,0.3,3/2,69,300,0,0.3,3/2,70,200,0,0.3,3/2,71,100,0,0.3,3/2,73,-100,0,0.3,3/2,74,-200,0,0.3,3/2,75,-300,0,0.3,3/2,76,-400,0,0.3,3
00
0
0
0
0
0
0
0
05,68,0,0
5,70,1,0
5,72,1,0
5,74,1,0
5,76,1,0
0
0
0
5,68,0,0/5,69,0,0
0
0
0
5,69,0,0
0
0
0
5,68,0,0/5,70,0,0
0
0
0
5,70,0,0
0
0
0
5,68,0,0/5,71,0,0
0
0
0
5,71,0,0
0
0
0
5,68,0,0/5,72,0,0
0
0
0
5,72,0,0
0
0
0
5,68,0,0
5,69,1,0
5,70,1,0
5,71,1,0
5,72,1,0
5,73,1,0
5,74,1,0
5,75,1,0
5,68,0,0/4,76,0,0,0.5,1
5,76,1,0/4,75,0,0,0.5,1
5,75,1,0/4,74,0,0,0.5,1
5,74,1,0/4,73,0,0,0.5,1
5,73,1,0/4,72,0,0,0.5,1
5,72,1,0/4,71,0,0,0.5,1
5,71,1,0/4,70,0,0,0.5,1
5,70,1,0/4,69,0,0,0.5,1
5,68,0,0/5,69,0,0/4,68,0,0,0.5,1
5,68,1,0/5,69,1,0
0
0
0
0
0
0
00
0
0
0
0
0
0
0
0
0
0
0
0
0
0
0
1,77,-400,0,0,160,600,50,1,2/2,77,400,0,1.2,3/5,77,0,-50
0
0
0
5,77,0,-50
0
0
0
5,77,0,50
0
0
0
5,77,0,50
0
0
0
5,77,0,-50
0
0
0
5,77,0,-50
0
0
0
5,77,0,50
5,77,1,50
5,77,1,0
5,77,1,-50
5,77,0,50
0
0
0
5,77,0,-50
0
0
0
5,77,0,-50
0
0
0
3,77,180,0.4,2/2,77,-400,0,1.2,3
0
0
0
0
0
0
0
00
0
0
0
0
0
0
0
5,77,0,-50
0
5,77,0,50
0
5,77,0,-50
0
5,77,0,50
0
5,77,0,-50
0
0
0
5,77,0,-50
0
0
0
5,77,0,50
0
0
0
5,77,0,50
0
0
0
5,77,0,-50
0
0
0
5,77,0,-50
0
0
0
5,77,0,50
5,77,1,50
5,77,1,0
5,77,1,-50
5,77,0,50
0
0
0
5,77,0,-50
0
0
0
5,77,0,-50
0
0
0
3,77,360,0.4,2/2,77,400,0,1.2,3
0
0
0
0
0
0
0
00
0
0
0
0
0
0
0
5,77,0,-50
0
5,77,0,50
0
5,77,0,-50
0
5,77,0,50
0
5,77,0,-50
0
0
0
5,77,0,-50
0
0
0
5,77,0,50
0
0
0
5,77,0,50
0
0
0
5,77,0,-50
0
0
0
5,77,0,-50
0
0
0
5,77,0,50
5,77,1,50
5,77,1,0
5,77,1,-50
5,77,0,50
0
0
0
5,77,0,-50
0
0
0
5,77,0,-50
0
0
0
3,77,540,0.4,2/2,77,0,0,1.2,3
0
0
0
0
0
0
0
00
0
0
0
0
0
0
0
5,77,0,-50
0
5,77,0,50
0
5,77,0,-50
0
5,77,0,50
0
5,77,0,-50
0
0
0
5,77,0,-50
0
0
0
5,77,0,50
0
0
0
5,77,0,50/3,77,720,0.4,3/4,77,500,500,0.5,3
0
0
0
0
0
0
0
5,77,0,50/5,77,0,-50
5,77,1,50/5,77,1,-50
5,77,1,50/5,77,1,-50
5,77,1,50/5,77,1,-50
5,77,1,50/5,77,1,-50
5,77,1,50/5,77,1,-50
5,77,1,50/5,77,1,-50
5,77,1,50/5,77,1,-50
5,77,1,50/5,77,1,-50
0
0
0
5,77,0,60/5,77,0,-60
5,77,1,60/5,77,1,-60
5,77,1,60/5,77,1,-60
5,77,1,60/5,77,1,-60
5,77,1,60/5,77,1,-60
5,77,1,60/5,77,1,-60
5,77,1,60/5,77,1,-60
5,77,1,60/5,77,1,-60
5,77,1,60/5,77,1,-60/4,77,0,0,0.5,1
5,77,1,60/5,77,1,-60
5,77,1,60/5,77,1,-60
5,77,1,60/5,77,1,-60
5,77,1,60/5,77,1,-60
0
0
0
00
0
0
0
0
0
0
0
0
0
0
0
0
0
0
0
1,78,0,0,0,400,400,80,1,2/5,78,0,120/5,78,0,-120
0
0
0
0
0
0
0
5,78,0,120/5,78,0,-120
0
0
0
0
0
0
0
5,78,0,-80/4,78,800,600,6,3
0
0
0
0
0
0
0
5,78,0,120/5,78,0,-120
0
5,78,1,100
0
5,78,1,90
0
5,78,1,100
0
5,78,0,120
0
0
0
0
0
0
0
5,78,0,140/5,78,0,-80
0
0
0
0
0
0
0
5,78,0,110/5,78,0,-110
0
0
0
0
0
0
0
5,78,0,60
0
0
0
5,78,1,-60
0
5,78,1,-80
0
5,78,0,-100
0
0
0
0
0
0
0
5,78,0,-110
0
0
0
0
0
0
0
5,78,0,90/5,78,0,-90
0
0
0
0
0
0
0
5,78,0,50
0
0
0
0
0
0
0
5,78,0,120
0
5,78,1,135
0
5,78,1,146
0
5,78,1,152
0
5,78,1,155
0
0
0
5,78,0,130
0
0
0
5,78,0,110/5,78,0,-110
0
0
0
0
0
0
0
5,78,0,60
0
0
0
5,78,0,80
0
0
0
5,78,0,100/5,78,0,-100
0
0
0
5,78,0,-80
0
0
0
5,78,0,-110
0
0
0
5,78,0,-150
0
0
00
5,78,0,160/5,78,0,-160
0
0
0
0
0
0
0
0
0
0
0
5,78,1,120
0
5,78,1,90
0
5,78,0,120/5,78,0,-120
0
0
0
5,78,0,140
0
0
0
5,78,0,110/5,78,0,-130
0
0
0
5,78,0,130
0
0
0
5,78,0,100/5,78,0,-140
0
0
0
5,78,0,90
0
0
0
5,78,0,100
0
0
0
5,78,0,120
0
0
0
5,78,0,140/5,78,0,-100
0
0
0
5,78,0,200
0
0
0
5,78,0,160/5,78,0,-80
0
0
0
5,78,0,-110
0
0
0
5,78,0,150/5,78,0,-150
0
0
0
0
0
0
0
0
0
0
0
5,78,1,-140
0
5,78,1,-130
0
5,78,0,120/5,78,0,-120
0
0
0
0
0
0
0
5,78,0,100/5,78,0,-140
0
0
0
5,78,0,90
0
0
0
5,78,0,80/5,78,0,-160
0
0
0
5,78,0,120
0
0
0
5,78,0,70
0
0
0
5,78,0,70
0
0
0
0
0
0
0
0
0
0
0
5,78,1,0
0
5,78,1,40
0
5,78,1,80
0
5,78,1,120
0
5,78,0,160/5,78,0,-160
0
0
0
0
0
0
0
5,78,1,-160
0
5,78,1,-120
0
5,78,1,-80
0
5,78,1,-40
0
5,78,0,0/5,78,0,-200
0
0
0
0
0
0
0
5,78,0,100
0
0
0
0
0
0
0
5,78,0,155
5,78,1,155
5,78,1,155
5,78,1,155
5,78,1,155
5,78,1,155
5,78,1,155
5,78,1,155
5,78,1,155
5,78,1,155
5,78,1,155
5,78,1,155
5,78,1,155
5,78,1,155
5,78,1,155
5,78,1,155
5,78,0,-155/5,78,1,155
5,78,1,-155/5,78,1,155
5,78,1,-155/5,78,1,155
5,78,1,-155/5,78,1,155
5,78,1,-155/5,78,1,155
5,78,1,-155/5,78,1,155
5,78,1,-155/5,78,1,155
5,78,1,-155/5,78,1,155
5,78,1,-155/5,78,1,155
5,78,1,-155/5,78,1,155
5,78,1,-155/5,78,1,155
5,78,1,-155/5,78,1,155
5,78,1,-155/5,78,1,155
5,78,1,-155/5,78,1,155
5,78,1,-155/5,78,1,155
5,78,1,-155/5,78,1,155
00
0
0
0
0
0
0
0
0
0
0
0
0
0
0
0
5,78,0,0
0
5,78,1,37.5
0
5,78,1,75
0
5,78,1,112.5
0
5,78,1,150
0
5,78,1,187.5
0
5,78,1,225
0
5,78,1,262.5
0
5,78,0,300
0
5,78,1,262.5
0
5,78,1,225
0
5,78,1,187.5
0
5,78,1,150
0
5,78,1,112.5
0
5,78,1,75
0
5,78,1,37.5
0
5,78,0,0/5,78,0,-300
0
5,78,1,-262.5
0
5,78,1,-225
0
5,78,1,-187.5
0
5,78,1,-150
0
5,78,1,-112.5
0
5,78,1,-75
0
5,78,1,-37.5
0
5,78,0,0/5,78,0,300
0
5,78,1,262.5
0
5,78,1,225
0
5,78,1,187.5
0
5,78,1,150
0
5,78,1,112.5
0
5,78,1,75
0
5,78,1,37.5
0
5,78,0,0
0
5,78,1,37.5/5,78,1,-37.5
0
5,78,1,75/5,78,1,-75
0
5,78,1,112.5/5,78,1,-112.5
0
5,78,1,150/5,78,1,-150
0
5,78,1,187.5/5,78,1,-187.5
0
5,78,1,225/5,78,1,-225
0
5,78,1,262.5/5,78,1,-262.5
0
5,78,0,300/5,78,0,-300
0
5,78,1,262.5/5,78,1,-262.5
0
5,78,1,225/5,78,1,-225
0
5,78,1,187.5/5,78,1,-187.5
0
5,78,1,150/5,78,1,-150
0
5,78,1,112.5/5,78,1,-112.5
0
5,78,1,75/5,78,1,-75
0
5,78,1,37.5/5,78,1,-37.5
0
5,78,0,0
0
5,78,1,-37.5
0
5,78,1,-75
0
5,78,1,-112.5
0
5,78,1,-150
0
5,78,1,-187.5
0
5,78,1,-225
0
5,78,1,-262.5
0
5,78,0,-300
0
5,78,0,-200
0
5,78,0,-237.5
0
5,78,0,-137.5
0
5,78,0,-175
0
5,78,0,-75
0
5,78,0,-112.5
0
5,78,0,-12.5
0
5,78,0,-50
0
5,78,0,50
0
5,78,0,12.5
0
5,78,0,112.5
0
5,78,0,75
0
5,78,0,175
0
5,78,0,137.5
0
5,78,0,237.5
0
5,78,0,300
0
5,78,0,200
0
5,78,0,237.5
0
5,78,0,137.5
0
5,78,0,175
0
5,78,0,75
0
5,78,0,112.5
0
5,78,0,12.5
0
5,78,0,50
0
5,78,0,-50
0
5,78,0,-12.5
0
5,78,0,-112.5
0
5,78,0,-75
0
5,78,0,-175
0
5,78,0,-137.5
0
5,78,0,-237.5
0
5,78,0,00/4,78,1000,700,3,3
0
5,78,1,50/5,78,1,-50
0
5,78,1,100/5,78,1,-100
0
5,78,1,140/5,78,1,-140
0
5,78,1,170/5,78,1,-170
0
5,78,1,187/5,78,1,-187
0
5,78,1,193/5,78,1,-193
0
5,78,1,197/5,78,1,-197
0
5,78,1,200/5,78,1,-200
0
5,78,1,200/5,78,1,-200
0
5,78,1,200/5,78,1,-200
0
5,78,1,200/5,78,1,-200
0
5,78,1,200/5,78,1,-200
0
5,78,1,200/5,78,1,-200
0
5,78,1,200/5,78,1,-200
0
5,78,1,200/5,78,1,-200
0
5,78,1,200/5,78,1,-200
0
5,78,1,200/5,78,1,-200
0
5,78,1,200/5,78,1,-200
0
5,78,1,200/5,78,1,-200
0
5,78,1,200/5,78,1,-200
0
5,78,1,200/5,78,1,-200
0
5,78,1,200/5,78,1,-200
0
5,78,1,200/5,78,1,-200
0
5,78,1,200/5,78,1,-200
0
5,78,1,200/5,78,1,-200
0
5,78,1,200/5,78,1,-200
0
5,78,1,200/5,78,1,-200
0
5,78,1,200/5,78,1,-200
0
5,78,1,200/5,78,1,-200
0
5,78,1,200/5,78,1,-200
0
5,78,1,200/5,78,1,-200
0
00
0
0
0
0
0
0
0
00
0
0
0
0
0
0
0
00
0
0
0
0
0
0
0
00
0
0
0
0
0
0
0
05,78,0,100
0
0
0
0
0
0
0
00
0
0
0
0
0
0
0
05,78,0,300
0
0
0
0
0
0
0
00
0
0
0
0
0
0
0
05,78,0,0
0
0
0
0
0
0
0
00
0
0
0
0
0
0
0
00
0
0
0
0
0
0
0
00
0
0
0
0
0
0
0
05,78,0,50
0
0
0
0
0
0
0
00
0
0
0
0
0
0
0
05,78,0,250
0
0
0
0
0
0
0
05,78,0,0
0
0
0
0
0
0
0
05,78,0,-100
0
0
0
0
0
0
0
05,78,0,-200
0
0
0
0
0
0
0
05,78,0,30
0
0
0
0
0
0
0
05,78,0,-50
0
0
0
0
0
0
0
05,78,0,50
0
0
0
0
0
0
0
00
0
0
0
0
0
0
0
05,78,0,-300
0
0
0
0
0
0
0
00
0
0
0
0
0
0
0
05,78,0,-40
0
0
0
0
0
0
0
00
0
0
0
0
0
0
0
00
0
0
0
0
0
0
0
00
0
0
0
5,78,1,20
0
5,78,1,60
0
05,78,1,100/4,78,0,0,5,1
0
0
0
0
0
0
0
00
0
0
0
0
0
0
0
00
0
0
0
0
0
0
0
00
0
0
0
0
0
0
0